[0, 0, 0, 0, 0, 0, 0, 0, 0, 0, 0, 0, 0, 0, 0, 0, 0, 0, -83, -113, -128, -98, 115, 49, 59, 73]
[0, 0, 0, 0, 0, 0, 0, 0, 0, 0, 0, 0, 0, 0, 0, 0, 0, 1, -22, 127, 52, -53, -104, 110, -122, -42]
[0, 0, 0, 0, 0, 0, 0, 0, 0, 0, 0, 0, 0, 0, 0, 0, 0, 2, -57, 88, -125, 104, -95, 52, 22, -17]
[0, 0, 0, 0, 0, 0, 0, 0, 0, 0, 0, 0, 0, 0, 0, 0, 0, 3, 61, -77, 76, 37, 8, -8, 110, -82]
[0, 0, 0, 0, 0, 0, 0, 0, 0, 0, 0, 0, 0, 0, 0, 0, 0, 4, -119, -89, -110, 117, -32, 62, -113, 42]
[0, 0, 0, 0, 0, 0, 0, 0, 0, 0, 0, 0, 0, 0, 0, 0, 0, 5, -15, -39, 41, -105, -2, 22, 110, -82]
[0, 0, 0, 0, 0, 0, 0, 0, 0, 0, 0, 0, 0, 0, 0, 0, 0, 6, 104, 2, -105, -33, -104, 55, -23, 87]
[0, 0, 0, 0, 0, 0, 0, 0, 0, 0, 0, 0, 0, 0, 0, 0, 0, 7, 22, -51, 94, -88, 79, 110, 22, 8]
[0, 0, 0, 0, 0, 0, 0, 0, 0, 0, 0, 0, 0, 0, 0, 0, 0, 8, -43, -38, -85, 8, -27, 112, -74, -88]
[0, 0, 0, 0, 0, 0, 0, 0, 0, 0, 0, 0, 0, 0, 0, 0, 0, 9, 8, 14, 64, 42, -51, 118, -32, -92]
[0, 0, 0, 0, 0, 0, 0, 0, 0, 0, 0, 0, 0, 0, 0, 0, 0, 10, 82, 62, -45, -105, -94, 100, 98, 21]
[0, 0, 0, 0, 0, 0, 0, 0, 0, 0, 0, 0, 0, 0, 0, 0, 0, 11, -57, 103, -8, 112, -62, 82, 62, 104]
[0, 0, 0, 0, 0, 0, 0, 0, 0, 0, 0, 0, 0, 0, 0, 0, 0, 12, -3, 98, 91, 104, -116, 118, -32, 79]
[0, 0, 0, 0, 0, 0, 0, 0, 0, 0, 0, 0, 0, 0, 0, 0, 0, 13, 59, -42, -51, -119, -80, -45, 98, 93]
[0, 0, 0, 0, 0, 0, 0, 0, 0, 0, 0, 0, 0, 0, 0, 0, 0, 14, 19, 110, -68, 76, 38, 62, 124, 37]
[0, 0, 0, 0, 0, 0, 0, 0, 0, 0, 0, 0, 0, 0, 0, 0, 0, 15, -88, -89, 59, 62, 79, 16, 19, -27]
[0, 0, 0, 0, 0, 0, 0, 0, 0, 0, 0, 0, 0, 0, 0, 0, 0, 16, -20, -29, 31, -14, -77, 100, 22, 70]
[0, 0, 0, 0, 0, 0, 0, 0, 0, 0, 0, 0, 0, 0, 0, 0, 0, 17, -17, -83, 112, 100, 100, 94, -14, 32]
[0, 0, 0, 0, 0, 0, 0, 0, 0, 0, 0, 0, 0, 0, 0, 0, 0, 18, -38, 47, 35, -80, -65, 118, 37, -32]
[0, 0, 0, 0, 0, 0, 0, 0, 0, 0, 0, 0, 0, 0, 0, 0, 0, 19, -39, 19, 87, 64, -33, 110, -118, -105]
[0, 0, 0, 0, 0, 0, 0, 0, 0, 0, 0, 0, 0, 0, 0, 0, 0, 20, 73, 97, 11, 35, 4, -101, 93, 69]
[0, 0, 0, 0, 0, 0, 0, 0, 0, 0, 0, 0, 0, 0, 0, 0, 0, 21, -43, -105, -50, -111, 32, -95, 25, 73]
[0, 0, 0, 0, 0, 0, 0, 0, 0, 0, 0, 0, 0, 0, 0, 0, 0, 22, 74, -43, -83, 19, -71, -116, -95, 118]
[0, 0, 0, 0, 0, 0, 0, 0, 0, 0, 0, 0, 0, 0, 0, 0, 0, 23, -92, 52, -8, 103, 110, -26, 62, -62]
[0, 0, 0, 0, 0, 0, 0, 0, 0, 0, 0, 0, 0, 0, 0, 0, 0, 24, -111, -32, -122, 26, 79, 76, 11, 16]
[0, 0, 0, 0, 0, 0, 0, 0, 0, 0, 0, 0, 0, 0, 0, 0, 0, 25, 103, -82, 121, 100, -104, 55, -48, 117]
[0, 0, 0, 0, 0, 0, 0, 0, 0, 0, 0, 0, 0, 0, 0, 0, 0, 26, 103, 13, 37, 59, -17, -88, -122, 61]
[0, 0, 0, 0, 0, 0, 0, 0, 0, 0, 0, 0, 0, 0, 0, 0, 0, 27, -71, -57, -98, 47, -53, -116, 21, 122]
[0, 0, 0, 0, 0, 0, 0, 0, 0, 0, 0, 0, 0, 0, 0, 0, 0, 28, -60, -27, 121, -20, -70, 1, 22, -38]
[0, 0, 0, 0, 0, 0, 0, 0, 0, 0, 0, 0, 0, 0, 0, 0, 0, 29, 11, 49, -74, 28, 67, -48, 59, 93]
[0, 0, 0, 0, 0, 0, 0, 0, 0, 0, 0, 0, 0, 0, 0, 0, 0, 30, -2, 79, -128, 122, -118, 49, -22, -2]
[0, 0, 0, 0, 0, 0, 0, 0, 0, 0, 0, 0, 0, 0, 0, 0, 0, 31, -104, -104, 97, 87, -27, -48, 82, -89]
[0, 0, 0, 0, 0, 0, 0, 0, 0, 0, 0, 0, 0, 0, 0, 0, 0, 32, -108, 42, 47, -33, 8, -22, 25, -63]
[0, 0, 0, 0, 0, 0, 0, 0, 0, 0, 0, 0, 0, 0, 0, 0, 0, 33, 16, -77, 118, 103, 94, -63, -65, -12]
[0, 0, 0, 0, 0, 0, 0, 0, 0, 0, 0, 0, 0, 0, 0, 0, 0, 34, 88, 94, 19, 22, 100, -3, -108, 82]
[0, 0, 0, 0, 0, 0, 0, 0, 0, 0, 0, 0, 0, 0, 0, 0, 0, 35, 104, -12, -32, -68, -111, -122, 118, -27]
[0, 0, 0, 0, 0, 0, 0, 0, 0, 0, 0, 0, 0, 0, 0, 0, 0, 36, 1, 28, 88, -50, -15, 47, -89, -29]
[0, 0, 0, 0, 0, 0, 0, 0, 0, 0, 0, 0, 0, 0, 0, 0, 0, 37, -68, -77, 74, -38, -14, 50, -56, 110]
[0, 0, 0, 0, 0, 0, 0, 0, 0, 0, 0, 0, 0, 0, 0, 0, 0, 38, -108, -2, -101, -17, 107, 50, 8, -104]
[0, 0, 0, 0, 0, 0, 0, 0, 0, 0, 0, 0, 0, 0, 0, 0, 0, 39, -82, -51, 81, -2, -105, -99, -38, 22]
[0, 0, 0, 0, 0, 0, 0, 0, 0, 0, 0, 0, 0, 0, 0, 0, 0, 40, 31, 82, 1, 59, 87, -82, 16, -9]
[0, 0, 0, 0, 0, 0, 0, 0, 0, 0, 0, 0, 0, 0, 0, 0, 0, 41, 26, 124, -108, -94, 32, -85, 11, 94]
[0, 0, 0, 0, 0, 0, 0, 0, 0, 0, 0, 0, 0, 0, 0, 0, 0, 42, 16, -9, -23, 21, -65, 81, 13, -125]
[0, 0, 0, 0, 0, 0, 0, 0, 0, 0, 0, 0, 0, 0, 0, 0, 0, 43, 109, -27, -77, 94, 82, -82, 127, 19]
[0, 0, 0, 0, 0, 0, 0, 0, 0, 0, 0, 0, 0, 0, 0, 0, 0, 44, 121, 26, 112, -22, 74, -65, -17, -5]
[0, 0, 0, 0, 0, 0, 0, 0, 0, 0, 0, 0, 0, 0, 0, 0, 0, 45, -98, -74, -50, 67, -70, -43, -50, -48]
[0, 0, 0, 0, 0, 0, 0, 0, 0, 0, 0, 0, 0, 0, 0, 0, 0, 46, -82, 110, -27, -116, 76, 50, 94, -92]
[0, 0, 0, 0, 0, 0, 0, 0, 0, 0, 0, 0, 0, 0, 0, 0, 0, 47, 112, 115, -74, -22, -68, -82, 35, 73]
[0, 0, 0, 0, 0, 0, 0, 0, 0, 0, 0, 0, 0, 0, 0, 0, 0, 48, -26, -68, -88, -62, -48, 69, 103, -48]
[0, 0, 0, 0, 0, 0, 0, 0, 0, 0, 0, 0, 0, 0, 0, 0, 0, 49, -27, 64, 97, -20, -36, 97, 81, 38]
[0, 0, 0, 0, 0, 0, 0, 0, 0, 0, 0, 0, 0, 0, 0, 0, 0, 50, 49, 26, 28, 25, 103, -94, -32, -123]
[0, 0, 0, 0, 0, 0, 0, 0, 0, 0, 0, 0, 0, 0, 0, 0, 0, 51, -15, 91, -77, -15, -60, -113, 124, 16]
[0, 0, 0, 0, 0, 0, 0, 0, 0, 0, 0, 0, 0, 0, 0, 0, 0, 52, 117, 115, 11, -48, 93, 118, -15, -15]
[0, 0, 0, 0, 0, 0, 0, 0, 0, 0, 0, 0, 0, 0, 0, 0, 0, 53, -105, 55, -104, -29, 21, 22, 22, -101]
[0, 0, 0, 0, 0, 0, 0, 0, 0, 0, 0, 0, 0, 0, 0, 0, 0, 54, -123, 35, -62, 64, -17, -105, -92, 79]
[0, 0, 0, 0, 0, 0, 0, 0, 0, 0, 0, 0, 0, 0, 0, 0, 0, 55, 69, 81, 107, -74, -2, 50, -22, 84]
[0, 0, 0, 0, 0, 0, 0, 0, 0, 0, 0, 0, 0, 0, 0, 0, 0, 56, -105, -53, 88, 19, 100, 37, 1, 21]
[0, 0, 0, 0, 0, 0, 0, 0, 0, 0, 0, 0, 0, 0, 0, 0, 0, 57, 61, -9, -104, -36, 87, 107, -39, -63]
[0, 0, 0, 0, 0, 0, 0, 0, 0, 0, 0, 0, 0, 0, 0, 0, 0, 58, 93, 79, 44, 84, -105, 7, -5, 55]
[0, 0, 0, 0, 0, 0, 0, 0, 0, 0, 0, 0, 0, 0, 0, 0, 0, 59, -104, -122, -22, -70, 2, -68, -98, 8]
[0, 0, 0, 0, 0, 0, 0, 0, 0, 0, 0, 0, 0, 0, 0, 0, 0, 60, 37, -77, -123, -77, -123, -12, -17, 4]
[0, 0, 0, 0, 0, 0, 0, 0, 0, 0, 0, 0, 0, 0, 0, 0, 0, 61, -48, -45, -82, 122, -8, 8, 79, 4]
[0, 0, 0, 0, 0, 0, 0, 0, 0, 0, 0, 0, 0, 0, 0, 0, 0, 62, 49, -39, -99, 74, -12, -20, 67, -110]
[0, 0, 0, 0, 0, 0, 0, 0, 0, 0, 0, 0, 0, 0, 0, 0, 0, 63, 70, 79, -22, 110, -92, 69, 16, -36]
[0, 0, 0, 0, 0, 0, 0, 0, 0, 0, 0, 0, 0, 0, 0, 0, 0, 64, 44, 94, -53, 47, -122, -15, -101, 97]
[0, 0, 0, 0, 0, 0, 0, 0, 0, 0, 0, 0, 0, 0, 0, 0, 0, 65, 107, -85, 28, -101, 74, 8, 121, -99]
[0, 0, 0, 0, 0, 0, 0, 0, 0, 0, 0, 0, 0, 0, 0, 0, 0, 66, -39, -101, -42, -29, 22, -89, 50, 22]
[0, 0, 0, 0, 0, 0, 0, 0, 0, 0, 0, 0, 0, 0, 0, 0, 0, 67, 70, 52, -71, 11, 112, -14, -29, 117]
[0, 0, 0, 0, 0, 0, 0, 0, 0, 0, 0, 0, 0, 0, 0, 0, 0, 68, -38, -83, -2, 84, -88, -32, -105, 112]
[0, 0, 0, 0, 0, 0, 0, 0, 0, 0, 0, 0, 0, 0, 0, 0, 0, 69, 28, -77, 73, -88, 64, 47, -36, -63]
[0, 0, 0, 0, 0, 0, 0, 0, 0, 0, 0, 0, 0, 0, 0, 0, 0, 70, 97, 98, -32, 55, -62, 73, -122, -9]
[0, 0, 0, 0, 0, 0, 0, 0, 0, 0, 0, 0, 0, 0, 0, 0, 0, 71, -89, 50, 13, 73, -62, -110, 13, -38]
[0, 0, 0, 0, 0, 0, 0, 0, 0, 0, 0, 0, 0, 0, 0, 0, 0, 72, -118, 74, 47, -39, -23, -14, -3, -15]
[0, 0, 0, 0, 0, 0, 0, 0, 0, 0, 0, 0, 0, 0, 0, 0, 0, 73, -110, -26, -62, 104, -38, 31, -71, 97]
[0, 0, 0, 0, 0, 0, 0, 0, 0, 0, 0, 0, 0, 0, 0, 0, 0, 74, 117, 47, 122, 22, -2, 22, 127, 8]
[0, 0, 0, 0, 0, 0, 0, 0, 0, 0, 0, 0, 0, 0, 0, 0, 0, 75, -99, 122, 16, -42, -92, 28, 16, 26]
[0, 0, 0, 0, 0, 0, 0, 0, 0, 0, 0, 0, 0, 0, 0, 0, 0, 76, 81, 13, -108, -32, -50, 49, 70, 47]
[0, 0, 0, 0, 0, 0, 0, 0, 0, 0, 0, 0, 0, 0, 0, 0, 0, 77, 70, -53, -95, 41, -42, 26, -77, 91]
[0, 0, 0, 0, 0, 0, 0, 0, 0, 0, 0, 0, 0, 0, 0, 0, 0, 78, 42, 37, 41, 49, 25, 84, 91, 44]
[0, 0, 0, 0, 0, 0, 0, 0, 0, 0, 0, 0, 0, 0, 0, 0, 0, 79, -63, -89, -14, 67, -116, 41, 104, 93]
[0, 0, 0, 0, 0, 0, 0, 0, 0, 0, 0, 0, 0, 0, 0, 0, 0, 80, -22, 31, -74, 82, -80, 55, -122, 37]
[0, 0, 0, 0, 0, 0, 0, 0, 0, 0, 0, 0, 0, 0, 0, 0, 0, 81, -70, 122, -122, -95, 14, -60, 91, -26]
[0, 0, 0, 0, 0, 0, 0, 0, 0, 0, 0, 0, 0, 0, 0, 0, 0, 82, -2, 117, -51, -113, 35, 76, -70, 69]
[0, 0, 0, 0, 0, 0, 0, 0, 0, 0, 0, 0, 0, 0, 0, 0, 0, 83, -42, -9, 37, -80, -118, 97, 93, -26]
[0, 0, 0, 0, 0, 0, 0, 0, 0, 0, 0, 0, 0, 0, 0, 0, 0, 84, 93, -17, 76, -62, -68, 118, -77, 50]
[0, 0, 0, 0, 0, 0, 0, 0, 0, 0, 0, 0, 0, 0, 0, 0, 0, 85, -70, -36, -14, -123, -43, -123, 41, -20]
[0, 0, 0, 0, 0, 0, 0, 0, 0, 0, 0, 0, 0, 0, 0, 0, 0, 86, 70, 35, -75, 98, 59, 74, -119, -122]
[0, 0, 0, 0, 0, 0, 0, 0, 0, 0, 0, 0, 0, 0, 0, 0, 0, 87, 62, 11, -38, -125, 121, 35, 19, -92]
[0, 0, 0, 0, 0, 0, 0, 0, 0, 0, 0, 0, 0, 0, 0, 0, 0, 88, -68, 37, -32, 7, 4, -43, -99, 122]
[0, 0, 0, 0, 0, 0, 0, 0, 0, 0, 0, 0, 0, 0, 0, 0, 0, 89, -85, 84, -2, -83, 44, -42, 37, 91]
[0, 0, 0, 0, 0, 0, 0, 0, 0, 0, 0, 0, 0, 0, 0, 0, 0, 90, -39, 50, 121, 110, -116, 110, 104, 11]
[0, 0, 0, 0, 0, 0, 0, 0, 0, 0, 0, 0, 0, 0, 0, 0, 0, 91, -9, 59, 94, -20, 35, 67, 67, -26]
[0, 0, 0, 0, 0, 0, 0, 0, 0, 0, 0, 0, 0, 0, 0, 0, 0, 92, -22, 13, 107, -113, 84, 118, 81, -42]
[0, 0, 0, 0, 0, 0, 0, 0, 0, 0, 0, 0, 0, 0, 0, 0, 0, 93, 49, -3, 59, 103, -43, -8, -9, -23]
[0, 0, 0, 0, 0, 0, 0, 0, 0, 0, 0, 0, 0, 0, 0, 0, 0, 94, -65, -83, 103, 70, 82, 56, 35, -104]
[0, 0, 0, 0, 0, 0, 0, 0, 0, 0, 0, 0, 0, 0, 0, 0, 0, 95, -95, -39, -65, -45, -62, -17, 38, 67]
[0, 0, 0, 0, 0, 0, 0, 0, 0, 0, 0, 0, 0, 0, 0, 0, 0, 96, -85, 38, 1, 55, 31, 69, 84, -65]
[0, 0, 0, 0, 0, 0, 0, 0, 0, 0, 0, 0, 0, 0, 0, 0, 0, 97, -36, 122, 26, -123, -118, -99, 26, 91]
[0, 0, 0, 0, 0, 0, 0, 0, 0, 0, 0, 0, 0, 0, 0, 0, 0, 98, -99, -23, -20, -92, -125, -74, -23, 7]
[0, 0, 0, 0, 0, 0, 0, 0, 0, 0, 0, 0, 0, 0, 0, 0, 0, 99, 70, 82, -65, -42, -101, -8, -70, 16]
[0, 0, 0, 0, 0, 0, 0, 0, 0, 0, 0, 0, 0, 0, 0, 0, 0, 100, -95, 81, -27, 69, 59, 100, 4, -65]
[0, 0, 0, 0, 0, 0, 0, 0, 0, 0, 0, 0, 0, 0, 0, 0, 0, 101, 7, -71, -108, -94, -50, -110, 35, -29]
[0, 0, 0, 0, 0, 0, 0, 0, 0, 0, 0, 0, 0, 0, 0, 0, 0, 102, -89, -82, -74, 91, -111, -8, -32, -104]
[0, 0, 0, 0, 0, 0, 0, 0, 0, 0, 0, 0, 0, 0, 0, 0, 0, 103, 28, -33, 56, 110, 91, 22, -119, 97]
[0, 0, 0, 0, 0, 0, 0, 0, 0, 0, 0, 0, 0, 0, 0, 0, 0, 104, -116, -33, -17, -85, -57, -119, 11, 118]
[0, 0, 0, 0, 0, 0, 0, 0, 0, 0, 0, 0, 0, 0, 0, 0, 0, 105, 26, -85, 2, 59, 26, -3, 8, 93]
[0, 0, 0, 0, 0, 0, 0, 0, 0, 0, 0, 0, 0, 0, 0, 0, 0, 106, 59, 55, -113, 67, -63, -8, 50, -105]
[0, 0, 0, 0, 0, 0, 0, 0, 0, 0, 0, 0, 0, 0, 0, 0, 0, 107, -70, -9, 84, 52, -12, -75, -29, -80]
[0, 0, 0, 0, 0, 0, 0, 0, 0, 0, 0, 0, 0, 0, 0, 0, 0, 108, -56, 97, 121, -119, 16, 61, 69, -9]
[0, 0, 0, 0, 0, 0, 0, 0, 0, 0, 0, 0, 0, 0, 0, 0, 0, 109, 21, 117, -22, -8, 103, 41, -119, 112]
[0, 0, 0, 0, 0, 0, 0, 0, 0, 0, 0, 0, 0, 0, 0, 0, 0, 110, -48, 67, -27, 14, 100, -20, -123, 103]
[0, 0, 0, 0, 0, 0, 0, 0, 0, 0, 0, 0, 0, 0, 0, 0, 0, 111, 74, 87, 59, 16, -27, 88, 81, 127]
[0, 0, 0, 0, 0, 0, 0, 0, 0, 0, 0, 0, 0, 0, 0, 0, 0, 112, 52, -32, -89, 1, -50, -39, -51, 62]
[0, 0, 0, 0, 0, 0, 0, 0, 0, 0, 0, 0, 0, 0, 0, 0, 0, 113, -45, 81, -80, -70, -27, 42, 81, -116]
[0, 0, 0, 0, 0, 0, 0, 0, 0, 0, 0, 0, 0, 0, 0, 0, 0, 114, 100, -68, -113, -8, 4, -45, -45, -128]
[0, 0, 0, 0, 0, 0, 0, 0, 0, 0, 0, 0, 0, 0, 0, 0, 0, 115, 25, 56, 67, -2, 64, 70, 127, -80]
[0, 0, 0, 0, 0, 0, 0, 0, 0, 0, 0, 0, 0, 0, 0, 0, 0, 116, -125, -125, -50, 127, 87, -57, -105, -123]
[0, 0, 0, 0, 0, 0, 0, 0, 0, 0, 0, 0, 0, 0, 0, 0, 0, 117, -116, 109, 11, 2, 122, -22, 11, 42]
[0, 0, 0, 0, 0, 0, 0, 0, 0, 0, 0, 0, 0, 0, 0, 0, 0, 118, -29, 31, 88, 50, -119, -39, 14, -53]
[0, 0, 0, 0, 0, 0, 0, 0, 0, 0, 0, 0, 0, 0, 0, 0, 0, 119, -3, -80, -39, -116, 61, -122, 52, 87]
[0, 0, 0, 0, 0, 0, 0, 0, 0, 0, 0, 0, 0, 0, 0, 0, 0, 120, -14, -8, 42, 47, 81, -85, -122, -113]
[0, 0, 0, 0, 0, 0, 0, 0, 0, 0, 0, 0, 0, 0, 0, 0, 0, 121, -9, -60, 61, -2, 84, 81, 115, -105]
[0, 0, 0, 0, 0, 0, 0, 0, 0, 0, 0, 0, 0, 0, 0, 0, 0, 122, -128, -57, 110, 8, 25, -75, 118, -62]
[0, 0, 0, 0, 0, 0, 0, 0, 0, 0, 0, 0, 0, 0, 0, 0, 0, 123, 93, 42, -9, -15, 25, 67, -85, 16]
[0, 0, 0, 0, 0, 0, 0, 0, 0, 0, 0, 0, 0, 0, 0, 0, 0, 124, -15, 37, -32, 50, 88, 28, 11, 62]
[0, 0, 0, 0, 0, 0, 0, 0, 0, 0, 0, 0, 0, 0, 0, 0, 0, 125, 8, 107, 84, -80, 118, -104, 74, -29]
[0, 0, 0, 0, 0, 0, 0, 0, 0, 0, 0, 0, 0, 0, 0, 0, 0, 126, 112, -60, 87, 61, -108, 127, 26, 38]
[0, 0, 0, 0, 0, 0, 0, 0, 0, 0, 0, 0, 0, 0, 0, 0, 0, 127, -5, -68, -27, 64, -2, -88, -70, 59]
[0, 0, 0, 0, 0, 0, 0, 0, 0, 0, 0, 0, 0, 0, 0, 0, 0, -128, 16, -75, -92, 38, -60, -53, 7, 73]
[0, 0, 0, 0, 0, 0, 0, 0, 0, 0, 0, 0, 0, 0, 0, 0, 0, -127, -116, -101, -128, -5, 104, 87, -62, 84]
[0, 0, 0, 0, 0, 0, 0, 0, 0, 0, 0, 0, 0, 0, 0, 0, 0, -126, -82, 122, -77, 73, 35, 52, -89, -111]
[0, 0, 0, 0, 0, 0, 0, 0, 0, 0, 0, 0, 0, 0, 0, 0, 0, -125, -57, -110, 69, 56, -15, -118, 112, -111]
[0, 0, 0, 0, 0, 0, 0, 0, 0, 0, 0, 0, 0, 0, 0, 0, 0, -124, 122, -77, -77, -48, 115, -119, 21, -123]
[0, 0, 0, 0, 0, 0, 0, 0, 0, 0, 0, 0, 0, 0, 0, 0, 0, -123, -50, -8, 52, -48, 84, 93, 1, 41]
[0, 0, 0, 0, 0, 0, 0, 0, 0, 0, 0, 0, 0, 0, 0, 0, 0, -122, -118, 28, 87, -48, 59, 61, 42, -48]
[0, 0, 0, 0, 0, 0, 0, 0, 0, 0, 0, 0, 0, 0, 0, 0, 0, -121, 84, -68, 37, -74, 62, -99, 91, -53]
[0, 0, 0, 0, 0, 0, 0, 0, 0, 0, 0, 0, 0, 0, 0, 0, 0, -120, -71, 47, -110, 28, 127, 81, -88, -50]
[0, 0, 0, 0, 0, 0, 0, 0, 0, 0, 0, 0, 0, 0, 0, 0, 0, -119, -82, 13, -8, -2, -105, -57, 31, 49]
[0, 0, 0, 0, 0, 0, 0, 0, 0, 0, 0, 0, 0, 0, 0, 0, 0, -118, -104, 117, 81, -51, 41, -122, -15, -128]
[0, 0, 0, 0, 0, 0, 0, 0, 0, 0, 0, 0, 0, 0, 0, 0, 0, -117, 42, -43, -57, 52, 104, 16, 88, 56]
[0, 0, 0, 0, 0, 0, 0, 0, 0, 0, 0, 0, 0, 0, 0, 0, 0, -116, 26, 50, -38, 62, 55, -101, -20, -29]
[0, 0, 0, 0, 0, 0, 0, 0, 0, 0, 0, 0, 0, 0, 0, 0, 0, -115, -8, -119, -113, 19, 61, -56, 22, 103]
[0, 0, 0, 0, 0, 0, 0, 0, 0, 0, 0, 0, 0, 0, 0, 0, 0, -114, -104, -89, 56, 44, 31, 88, -53, -88]
[0, 0, 0, 0, 0, 0, 0, 0, 0, 0, 0, 0, 0, 0, 0, 0, 0, -113, -8, -128, -50, -15, 50, 61, 91, 81]
[0, 0, 0, 0, 0, 0, 0, 0, 0, 0, 0, 0, 0, 0, 0, 0, 0, -112, 127, -82, -43, 8, -63, -48, 93, -8]
[0, 0, 0, 0, 0, 0, 0, 0, 0, 0, 0, 0, 0, 0, 0, 0, 0, -111, -74, 19, -51, 62, -99, 73, 82, -56]
[0, 0, 0, 0, 0, 0, 0, 0, 0, 0, 0, 0, 0, 0, 0, 0, 0, -110, -119, 76, 121, -56, -38, 127, -9, -56]
[0, 0, 0, 0, 0, 0, 0, 0, 0, 0, 0, 0, 0, 0, 0, 0, 0, -109, 127, -80, -104, 67, -101, -113, -92, 124]
[0, 0, 0, 0, 0, 0, 0, 0, 0, 0, 0, 0, 0, 0, 0, 0, 0, -108, 21, 25, 122, -77, -3, 44, 79, -99]
[0, 0, 0, 0, 0, 0, 0, 0, 0, 0, 0, 0, 0, 0, 0, 0, 0, -107, -15, 87, 61, 112, 47, -75, -26, -71]
[0, 0, 0, 0, 0, 0, 0, 0, 0, 0, 0, 0, 0, 0, 0, 0, 0, -106, 26, 97, 81, 121, -14, -77, 112, 109]
[0, 0, 0, 0, 0, 0, 0, 0, 0, 0, 0, 0, 0, 0, 0, 0, 0, -105, -128, -45, -39, 127, 37, 37, -12, 82]
[0, 0, 0, 0, 0, 0, 0, 0, 0, 0, 0, 0, 0, 0, 0, 0, 0, -104, 41, 94, 91, -14, 81, 28, 115, -50]
[0, 0, 0, 0, 0, 0, 0, 0, 0, 0, 0, 0, 0, 0, 0, 0, 0, -103, 32, 59, -17, 22, -60, -108, 64, -75]
[0, 0, 0, 0, 0, 0, 0, 0, 0, 0, 0, 0, 0, 0, 0, 0, 0, -102, 52, 112, -125, -74, 25, -68, -119, -33]
[0, 0, 0, 0, 0, 0, 0, 0, 0, 0, 0, 0, 0, 0, 0, 0, 0, -101, 21, 100, 13, -77, -33, -56, 70, -89]
[0, 0, 0, 0, 0, 0, 0, 0, 0, 0, 0, 0, 0, 0, 0, 0, 0, -100, -99, 104, 61, 14, -45, 11, -20, -83]
[0, 0, 0, 0, 0, 0, 0, 0, 0, 0, 0, 0, 0, 0, 0, 0, 0, -99, -53, 110, -92, -42, -105, 31, 2, -22]
[0, 0, 0, 0, 0, 0, 0, 0, 0, 0, 0, 0, 0, 0, 0, 0, 0, -98, -20, -128, 56, -123, -89, -23, -48, -105]
[0, 0, 0, 0, 0, 0, 0, 0, 0, 0, 0, 0, 0, 0, 0, 0, 0, -97, -36, -113, -119, 19, 112, -9, -51, -63]
[0, 0, 0, 0, 0, 0, 0, 0, 0, 0, 0, 0, 0, 0, 0, 0, 0, -96, -68, 62, 7, -23, -43, 47, 28, -60]
[0, 0, 0, 0, 0, 0, 0, 0, 0, 0, 0, 0, 0, 0, 0, 0, 0, -95, 26, 98, 103, 28, -48, -3, 41, -122]
[0, 0, 0, 0, 0, 0, 0, 0, 0, 0, 0, 0, 0, 0, 0, 0, 0, -94, 13, 56, 52, 110, -94, -118, 59, -75]
[0, 0, 0, 0, 0, 0, 0, 0, 0, 0, 0, 0, 0, 0, 0, 0, 0, -93, 21, 22, -22, 19, 14, 98, 76, -71]
[0, 0, 0, 0, 0, 0, 0, 0, 0, 0, 0, 0, 0, 0, 0, 0, 0, -92, -128, -33, -17, -39, -50, -89, 88, -63]
[0, 0, 0, 0, 0, 0, 0, 0, 0, 0, 0, 0, 0, 0, 0, 0, 0, -91, 97, 122, -22, 26, 59, 67, 13, -108]
[0, 0, 0, 0, 0, 0, 0, 0, 0, 0, 0, 0, 0, 0, 0, 0, 0, -90, 25, 19, 84, -36, -32, -23, -51, -20]
[0, 0, 0, 0, 0, 0, 0, 0, 0, 0, 0, 0, 0, 0, 0, 0, 0, -89, 7, 109, -8, -3, 109, -50, -27, -111]
[0, 0, 0, 0, 0, 0, 0, 0, 0, 0, 0, 0, 0, 0, 0, 0, 0, -88, -36, -68, 16, -111, -56, 22, -92, -68]
[0, 0, 0, 0, 0, 0, 0, 0, 0, 0, 0, 0, 0, 0, 0, 0, 0, -87, -98, 22, -82, 41, 84, 42, 49, -22]
[0, 0, 0, 0, 0, 0, 0, 0, 0, 0, 0, 0, 0, 0, 0, 0, 0, -86, -50, 127, 70, -108, -29, 52, -65, -12]
[0, 0, 0, 0, 0, 0, 0, 0, 0, 0, 0, 0, 0, 0, 0, 0, 0, -85, -125, -29, -94, -125, 117, -29, -45, -95]
[0, 0, 0, 0, 0, 0, 0, 0, 0, 0, 0, 0, 0, 0, 0, 0, 0, -84, 98, -15, -29, -122, -63, -128, -65, 50]
[0, 0, 0, 0, 0, 0, 0, 0, 0, 0, 0, 0, 0, 0, 0, 0, 0, -83, -42, 109, 81, 44, 38, 70, -74, -94]
[0, 0, 0, 0, 0, 0, 0, 0, 0, 0, 0, 0, 0, 0, 0, 0, 0, -82, -39, -62, -39, -71, 59, 109, 84, 37]
[0, 0, 0, 0, 0, 0, 0, 0, 0, 0, 0, 0, 0, 0, 0, 0, 0, -81, 4, -70, 87, -60, 73, 38, 7, 28]
[0, 0, 0, 0, 0, 0, 0, 0, 0, 0, 0, 0, 0, 0, 0, 0, 0, -80, -9, -110, 7, 109, -56, -88, -48, -63]
[0, 0, 0, 0, 0, 0, 0, 0, 0, 0, 0, 0, 0, 0, 0, 0, 0, -79, -98, -125, -60, -43, -77, 82, -50, 50]
[0, 0, 0, 0, 0, 0, 0, 0, 0, 0, 0, 0, 0, 0, 0, 0, 0, -78, -80, 1, 8, -113, 7, -89, 103, -95]
[0, 0, 0, 0, 0, 0, 0, 0, 0, 0, 0, 0, 0, 0, 0, 0, 0, -77, 1, 50, -23, 61, -51, -88, 13, -119]
[0, 0, 0, 0, 0, 0, 0, 0, 0, 0, 0, 0, 0, 0, 0, 0, 0, -76, -68, 19, 31, -94, -29, -63, 22, -119]
[0, 0, 0, 0, 0, 0, 0, 0, 0, 0, 0, 0, 0, 0, 0, 0, 0, -75, 14, -108, 127, 124, 38, -99, 32, 1]
[0, 0, 0, 0, 0, 0, 0, 0, 0, 0, 0, 0, 0, 0, 0, 0, 0, -74, 81, -12, -50, -62, 16, -75, -83, -36]
[0, 0, 0, 0, 0, 0, 0, 0, 0, 0, 0, 0, 0, 0, 0, 0, 0, -73, -43, 104, -94, 91, 52, -104, -99, -33]
[0, 0, 0, 0, 0, 0, 0, 0, 0, 0, 0, 0, 0, 0, 0, 0, 0, -72, -42, -63, -77, -38, -33, 28, 25, 93]
[0, 0, 0, 0, 0, 0, 0, 0, 0, 0, 0, 0, 0, 0, 0, 0, 0, -71, 14, -111, -71, 103, 42, 37, 25, 16]
[0, 0, 0, 0, 0, 0, 0, 0, 0, 0, 0, 0, 0, 0, 0, 0, 0, -70, -53, -9, -12, -116, 25, -74, -92, -60]
[0, 0, 0, 0, 0, 0, 0, 0, 0, 0, 0, 0, 0, 0, 0, 0, 0, -69, -5, -12, 47, -8, 88, 38, -27, -48]
[0, 0, 0, 0, 0, 0, 0, 0, 0, 0, 0, 0, 0, 0, 0, 0, 0, -68, -104, -94, -60, -51, 94, 28, -45, 117]
[0, 0, 0, 0, 0, 0, 0, 0, 0, 0, 0, 0, 0, 0, 0, 0, 0, -67, 41, -68, 16, 44, 22, 118, -83, 100]
[0, 0, 0, 0, 0, 0, 0, 0, 0, 0, 0, 0, 0, 0, 0, 0, 0, -66, -9, -118, 21, 59, -128, -56, -22, -68]
[0, 0, 0, 0, 0, 0, 0, 0, 0, 0, 0, 0, 0, 0, 0, 0, 0, -65, 82, -74, 14, 127, 67, 115, -65, -60]
[0, 0, 0, 0, 0, 0, 0, 0, 0, 0, 0, 0, 0, 0, 0, 0, 0, -64, -110, 81, 7, 70, -29, -14, 82, -65]
[0, 0, 0, 0, 0, 0, 0, 0, 0, 0, 0, 0, 0, 0, 0, 0, 0, -63, -36, 107, -119, 74, 42, -17, 11, 50]
[0, 0, 0, 0, 0, 0, 0, 0, 0, 0, 0, 0, 0, 0, 0, 0, 0, -62, -27, -8, -95, 93, -57, -75, -123, 41]
[0, 0, 0, 0, 0, 0, 0, 0, 0, 0, 0, 0, 0, 0, 0, 0, 0, -61, 2, 104, -101, 19, 70, 67, -17, 1]
[0, 0, 0, 0, 0, 0, 0, 0, 0, 0, 0, 0, 0, 0, 0, 0, 0, -60, 55, 11, -77, 28, -125, -104, 109, -88]
[0, 0, 0, 0, 0, 0, 0, 0, 0, 0, 0, 0, 0, 0, 0, 0, 0, -59, -29, 14, -104, -20, 41, 56, 94, -5]
[0, 0, 0, 0, 0, 0, 0, 0, 0, 0, 0, 0, 0, 0, 0, 0, 0, -58, -71, -80, 59, -60, -118, 82, 74, 61]
[0, 0, 0, 0, 0, 0, 0, 0, 0, 0, 0, 0, 0, 0, 0, 0, 0, -57, -2, 69, 115, 21, 32, -98, -23, 14]
[0, 0, 0, 0, 0, 0, 0, 0, 0, 0, 0, 0, 0, 0, 0, 0, 0, -56, -80, 14, -123, -118, 62, -62, 26, -75]
[0, 0, 0, 0, 0, 0, 0, 0, 0, 0, 0, 0, 0, 0, 0, 0, 0, -55, 7, -39, 2, -14, -85, 22, 98, 19]
[0, 0, 0, 0, 0, 0, 0, 0, 0, 0, 0, 0, 0, 0, 0, 0, 0, -54, -48, -36, -5, -15, -27, 97, 4, -3]
[0, 0, 0, 0, 0, 0, 0, 0, 0, 0, 0, 0, 0, 0, 0, 0, 0, -53, 47, 88, 110, -42, 98, 50, -33, 118]
[0, 0, 0, 0, 0, 0, 0, 0, 0, 0, 0, 0, 0, 0, 0, 0, 0, -52, -50, 11, -116, -89, -105, -36, -113, -50]
[0, 0, 0, 0, 0, 0, 0, 0, 0, 0, 0, 0, 0, 0, 0, 0, 0, -51, -63, -57, 73, 7, 76, 98, -9, 44]
[0, 0, 0, 0, 0, 0, 0, 0, 0, 0, 0, 0, 0, 0, 0, 0, 0, -50, -111, 11, 76, -99, 28, -63, 22, 38]
[0, 0, 0, 0, 0, 0, 0, 0, 0, 0, 0, 0, 0, 0, 0, 0, 0, -49, 11, 79, 50, 84, 74, 70, 127, -60]
[0, 0, 0, 0, 0, 0, 0, 0, 0, 0, 0, 0, 0, 0, 0, 0, 0, -48, -45, 52, -51, -105, 74, 97, -53, -101]
[0, 0, 0, 0, 0, 0, 0, 0, 0, 0, 0, 0, 0, 0, 0, 0, 0, -47, -29, 49, 74, 59, -77, 87, 26, -95]
[0, 0, 0, 0, 0, 0, 0, 0, 0, 0, 0, 0, 0, 0, 0, 0, 0, -46, 31, -123, 104, -22, -5, 49, 122, -60]
[0, 0, 0, 0, 0, 0, 0, 0, 0, 0, 0, 0, 0, 0, 0, 0, 0, -45, 21, -98, -14, -105, -89, -83, -92, -110]
[0, 0, 0, 0, 0, 0, 0, 0, 0, 0, 0, 0, 0, 0, 0, 0, 0, -44, -77, -101, 11, 103, 22, 47, 35, -74]
[0, 0, 0, 0, 0, 0, 0, 0, 0, 0, 0, 0, 0, 0, 0, 0, 0, -43, -68, 13, -26, 52, 19, 2, 100, -80]
[0, 0, 0, 0, 0, 0, 0, 0, 0, 0, 0, 0, 0, 0, 0, 0, 0, -42, -57, 82, 97, -63, -123, -8, 56, -20]
[0, 0, 0, 0, 0, 0, 0, 0, 0, 0, 0, 0, 0, 0, 0, 0, 0, -41, -125, -32, 76, -43, 88, 47, 94, 100]
[0, 0, 0, 0, 0, 0, 0, 0, 0, 0, 0, 0, 0, 0, 0, 0, 0, -40, -118, -108, -36, -71, 127, 127, -57, 124]
[0, 0, 0, 0, 0, 0, 0, 0, 0, 0, 0, 0, 0, 0, 0, 0, 0, -39, 16, -39, -95, -8, -63, 55, -29, 61]
[0, 0, 0, 0, 0, 0, 0, 0, 0, 0, 0, 0, 0, 0, 0, 0, 0, -38, 21, -43, 107, -26, 76, -36, -39, 32]
[0, 0, 0, 0, 0, 0, 0, 0, 0, 0, 0, 0, 0, 0, 0, 0, 0, -37, -75, -15, -60, 93, -36, 28, -123, -119]
[0, 0, 0, 0, 0, 0, 0, 0, 0, 0, 0, 0, 0, 0, 0, 0, 0, -36, 56, -99, -98, -56, -111, -63, 35, 41]
[0, 0, 0, 0, 0, 0, 0, 0, 0, 0, 0, 0, 0, 0, 0, 0, 0, -35, -111, -38, -111, 124, 16, 26, 64, 11]
[0, 0, 0, 0, 0, 0, 0, 0, 0, 0, 0, 0, 0, 0, 0, 0, 0, -34, 118, -85, 64, -32, 74, -123, 112, -15]
[0, 0, 0, 0, 0, 0, 0, 0, 0, 0, 0, 0, 0, 0, 0, 0, 0, -33, 118, 118, -26, 11, 103, -36, 7, 98]
[0, 0, 0, 0, 0, 0, 0, 0, 0, 0, 0, 0, 0, 0, 0, 0, 0, -32, 88, 22, 1, 55, -15, 122, -39, 121]
[0, 0, 0, 0, 0, 0, 0, 0, 0, 0, 0, 0, 0, 0, 0, 0, 0, -31, 122, -62, -123, 115, -36, -23, -105, 121]
[0, 0, 0, 0, 0, 0, 0, 0, 0, 0, 0, 0, 0, 0, 0, 0, 0, -30, 94, -36, 124, 69, -17, 2, -65, 64]
[0, 0, 0, 0, 0, 0, 0, 0, 0, 0, 0, 0, 0, 0, 0, 0, 0, -29, 76, 107, -108, 61, -99, -2, 88, 59]
[0, 0, 0, 0, 0, 0, 0, 0, 0, 0, 0, 0, 0, 0, 0, 0, 0, -28, 74, 104, 1, -99, 127, 52, -8, 69]
[0, 0, 0, 0, 0, 0, 0, 0, 0, 0, 0, 0, 0, 0, 0, 0, 0, -27, 55, 93, 87, -80, 8, -32, 74, -56]
[0, 0, 0, 0, 0, 0, 0, 0, 0, 0, 0, 0, 0, 0, 0, 0, 0, -26, 11, -108, -8, -43, 67, -15, 107, 117]
[0, 0, 0, 0, 0, 0, 0, 0, 0, 0, 0, 0, 0, 0, 0, 0, 0, -25, 26, 100, 16, -104, -94, -14, -111, -45]
[0, 0, 0, 0, 0, 0, 0, 0, 0, 0, 0, 0, 0, 0, 0, 0, 0, -24, 11, 115, 104, 87, -17, -108, -32, -39]
[0, 0, 0, 0, 0, 0, 0, 0, 0, 0, 0, 0, 0, 0, 0, 0, 0, -23, -123, -39, 118, 35, -94, -20, 88, 35]
[0, 0, 0, 0, 0, 0, 0, 0, 0, 0, 0, 0, 0, 0, 0, 0, 0, -22, 100, -50, 11, 70, 38, 16, 79, -128]
[0, 0, 0, 0, 0, 0, 0, 0, 0, 0, 0, 0, 0, 0, 0, 0, 0, -21, 84, 42, 8, -105, -119, -60, 2, -29]
[0, 0, 0, 0, 0, 0, 0, 0, 0, 0, 0, 0, 0, 0, 0, 0, 0, -20, 41, -113, -101, 26, 94, 26, 79, -27]
[0, 0, 0, 0, 0, 0, 0, 0, 0, 0, 0, 0, 0, 0, 0, 0, 0, -19, 38, -111, -60, -75, -38, -95, 19, -71]
[0, 0, 0, 0, 0, 0, 0, 0, 0, 0, 0, 0, 0, 0, 0, 0, 0, -18, -70, 93, -92, -80, -98, 47, -42, -105]
[0, 0, 0, 0, 0, 0, 0, 0, 0, 0, 0, 0, 0, 0, 0, 0, 0, -17, -39, 49, 84, -110, 70, -23, -5, 41]
[0, 0, 0, 0, 0, 0, 0, 0, 0, 0, 0, 0, 0, 0, 0, 0, 0, -16, 13, 25, -104, 47, -3, -36, -8, -32]
[0, 0, 0, 0, 0, 0, 0, 0, 0, 0, 0, 0, 0, 0, 0, 0, 0, -15, -83, 42, 19, -33, 31, -123, -74, -71]
[0, 0, 0, 0, 0, 0, 0, 0, 0, 0, 0, 0, 0, 0, 0, 0, 0, -14, 59, -105, -22, -32, 118, -43, -23, 26]
[0, 0, 0, 0, 0, 0, 0, 0, 0, 0, 0, 0, 0, 0, 0, 0, 0, -13, -128, 100, 61, -108, -85, -123, -39, -77]
[0, 0, 0, 0, 0, 0, 0, 0, 0, 0, 0, 0, 0, 0, 0, 0, 0, -12, -63, -95, 49, -101, -88, 25, 82, -48]
[0, 0, 0, 0, 0, 0, 0, 0, 0, 0, 0, 0, 0, 0, 0, 0, 0, -11, 44, 87, 52, 93, -29, -2, 8, -26]
[0, 0, 0, 0, 0, 0, 0, 0, 0, 0, 0, 0, 0, 0, 0, 0, 0, -10, -83, -63, 13, 87, -71, 87, 76, 37]
[0, 0, 0, 0, 0, 0, 0, 0, 0, 0, 0, 0, 0, 0, 0, 0, 0, -9, 25, 8, -110, -95, 103, 52, 93, 104]
[0, 0, 0, 0, 0, 0, 0, 0, 0, 0, 0, 0, 0, 0, 0, 0, 0, -8, 103, -8, -43, -36, 28, -63, 112, 82]
[0, 0, 0, 0, 0, 0, 0, 0, 0, 0, 0, 0, 0, 0, 0, 0, 0, -7, 49, 52, 11, -33, 91, -32, -8, 84]
[0, 0, 0, 0, 0, 0, 0, 0, 0, 0, 0, 0, 0, 0, 0, 0, 0, -6, 47, 121, -32, 73, -113, -101, -113, -113]
[0, 0, 0, 0, 0, 0, 0, 0, 0, 0, 0, 0, 0, 0, 0, 0, 0, -5, -56, 47, 14, 79, -68, -22, 117, -85]
[0, 0, 0, 0, 0, 0, 0, 0, 0, 0, 0, 0, 0, 0, 0, 0, 0, -4, 93, -20, -12, -51, 91, 87, 97, 52]
[0, 0, 0, 0, 0, 0, 0, 0, 0, 0, 0, 0, 0, 0, 0, 0, 0, -3, 98, 64, -104, -82, -27, -53, -94, -92]
[0, 0, 0, 0, 0, 0, 0, 0, 0, 0, 0, 0, 0, 0, 0, 0, 0, -2, -50, 37, 121, 61, 117, 81, 98, 4]
[0, 0, 0, 0, 0, 0, 0, 0, 0, 0, 0, 0, 0, 0, 0, 0, 0, -1, -83, 98, 8, 103, -3, 32, 11, 109]
[0, 0, 0, 0, 0, 0, 0, 0, 0, 0, 0, 0, 0, 0, 0, 0, 1, 0, -23, 38, -82, -105, 81, -20, 25, -74]
[0, 0, 0, 0, 0, 0, 0, 0, 0, 0, 0, 0, 0, 0, 0, 0, 1, 1, 115, -85, -32, 84, 94, 14, 25, -2]
[0, 0, 0, 0, 0, 0, 0, 0, 0, 0, 0, 0, 0, 0, 0, 0, 1, 2, -71, 21, 69, 107, 84, -108, 117, 93]
[0, 0, 0, 0, 0, 0, 0, 0, 0, 0, 0, 0, 0, 0, 0, 0, 1, 3, 50, 121, -98, 22, -29, -77, -82, 7]
[0, 0, 0, 0, 0, 0, 0, 0, 0, 0, 0, 0, 0, 0, 0, 0, 1, 4, 14, -104, -94, 61, -43, -14, 103, 21]
[0, 0, 0, 0, 0, 0, 0, 0, 0, 0, 0, 0, 0, 0, 0, 0, 1, 5, 88, 98, -118, 42, -118, -119, 100, 127]
[0, 0, 0, 0, 0, 0, 0, 0, 0, 0, 0, 0, 0, 0, 0, 0, 1, 6, -42, 1, 97, -128, 25, -116, 121, 14]
[0, 0, 0, 0, 0, 0, 0, 0, 0, 0, 0, 0, 0, 0, 0, 0, 1, 7, -125, 32, 115, 1, 37, -118, 62, -14]
[0, 0, 0, 0, 0, 0, 0, 0, 0, 0, 0, 0, 0, 0, 0, 0, 1, 8, -111, 124, -101, 2, -68, -51, -83, 22]
[0, 0, 0, 0, 0, 0, 0, 0, 0, 0, 0, 0, 0, 0, 0, 0, 1, 9, 70, -101, -50, -8, 127, -22, 82, 56]
[0, 0, 0, 0, 0, 0, 0, 0, 0, 0, 0, 0, 0, 0, 0, 0, 1, 10, 84, -95, -60, 79, 41, 22, -110, 35]
[0, 0, 0, 0, 0, 0, 0, 0, 0, 0, 0, 0, 0, 0, 0, 0, 1, 11, 49, 11, -83, 55, -92, 94, -48, 62]
[0, 0, 0, 0, 0, 0, 0, 0, 0, 0, 0, 0, 0, 0, 0, 0, 1, 12, -8, 42, -22, -12, 1, 8, 35, 61]
[0, 0, 0, 0, 0, 0, 0, 0, 0, 0, 0, 0, 0, 0, 0, 0, 1, 13, 91, -128, -83, 84, 52, -3, 64, 7]
[0, 0, 0, 0, 0, 0, 0, 0, 0, 0, 0, 0, 0, 0, 0, 0, 1, 14, -83, -119, -26, 21, 44, 42, 104, 52]
[0, 0, 0, 0, 0, 0, 0, 0, 0, 0, 0, 0, 0, 0, 0, 0, 1, 15, -104, 98, -63, -56, 25, -128, -80, -116]
[0, 0, 0, 0, 0, 0, 0, 0, 0, 0, 0, 0, 0, 0, 0, 0, 1, 16, 8, -99, 28, -26, -26, 44, 104, -101]
[0, 0, 0, 0, 0, 0, 0, 0, 0, 0, 0, 0, 0, 0, 0, 0, 1, 17, 122, -105, -3, -39, -128, -23, 107, -80]
[0, 0, 0, 0, 0, 0, 0, 0, 0, 0, 0, 0, 0, 0, 0, 0, 1, 18, -110, -22, 52, -71, -45, 49, 50, 84]
[0, 0, 0, 0, 0, 0, 0, 0, 0, 0, 0, 0, 0, 0, 0, 0, 1, 19, -27, 28, 14, 122, 22, 70, -68, -89]
[0, 0, 0, 0, 0, 0, 0, 0, 0, 0, 0, 0, 0, 0, 0, 0, 1, 20, 26, -70, 121, 16, 76, -92, 59, -108]
[0, 0, 0, 0, 0, 0, 0, 0, 0, 0, 0, 0, 0, 0, 0, 0, 1, 21, 82, -95, -89, 91, -68, -22, -82, 62]
[0, 0, 0, 0, 0, 0, 0, 0, 0, 0, 0, 0, 0, 0, 0, 0, 1, 22, 31, 44, -29, -80, 4, 31, 69, 127]
[0, 0, 0, 0, 0, 0, 0, 0, 0, 0, 0, 0, 0, 0, 0, 0, 1, 23, 87, 64, -98, -9, 94, -128, 59, -111]
[0, 0, 0, 0, 0, 0, 0, 0, 0, 0, 0, 0, 0, 0, 0, 0, 1, 24, 115, -27, -118, 107, 73, 81, -43, 100]
[0, 0, 0, 0, 0, 0, 0, 0, 0, 0, 0, 0, 0, 0, 0, 0, 1, 25, 88, -116, 19, -22, 100, -122, -60, 74]
[0, 0, 0, 0, 0, 0, 0, 0, 0, 0, 0, 0, 0, 0, 0, 0, 1, 26, -29, 82, 87, 124, 16, 79, -36, 112]
[0, 0, 0, 0, 0, 0, 0, 0, 0, 0, 0, 0, 0, 0, 0, 0, 1, 27, 2, -45, -118, 47, -92, 64, -39, -26]
[0, 0, 0, 0, 0, 0, 0, 0, 0, 0, 0, 0, 0, 0, 0, 0, 1, 28, -110, -98, -85, -5, 74, 91, 91, -95]
[0, 0, 0, 0, 0, 0, 0, 0, 0, 0, 0, 0, 0, 0, 0, 0, 1, 29, -60, -85, 8, 62, 91, 19, 61, 2]
[0, 0, 0, 0, 0, 0, 0, 0, 0, 0, 0, 0, 0, 0, 0, 0, 1, 30, -77, 37, -125, 32, -62, 98, -9, 31]
[0, 0, 0, 0, 0, 0, 0, 0, 0, 0, 0, 0, 0, 0, 0, 0, 1, 31, 50, 11, -119, -14, 31, -88, 82, 52]
[0, 0, 0, 0, 0, 0, 0, 0, 0, 0, 0, 0, 0, 0, 0, 0, 1, 32, 124, -111, 100, -118, 4, 52, -57, 47]
[0, 0, 0, 0, 0, 0, 0, 0, 0, 0, 0, 0, 0, 0, 0, 0, 1, 33, -22, 121, -48, -2, 73, -113, 107, -111]
[0, 0, 0, 0, 0, 0, 0, 0, 0, 0, 0, 0, 0, 0, 0, 0, 1, 34, 37, -101, 26, 64, -56, -60, 84, -116]
[0, 0, 0, 0, 0, 0, 0, 0, 0, 0, 0, 0, 0, 0, 0, 0, 1, 35, 122, -85, -101, -118, -20, -23, 59, -88]
[0, 0, 0, 0, 0, 0, 0, 0, 0, 0, 0, 0, 0, 0, 0, 0, 1, 36, 28, 74, -113, 107, 7, -94, -60, -22]
[0, 0, 0, 0, 0, 0, 0, 0, 0, 0, 0, 0, 0, 0, 0, 0, 1, 37, -51, 118, -51, -110, -128, 64, -70, 127]
[0, 0, 0, 0, 0, 0, 0, 0, 0, 0, 0, 0, 0, 0, 0, 0, 1, 38, 1, 7, 37, -89, -53, -29, 70, 42]
[0, 0, 0, 0, 0, 0, 0, 0, 0, 0, 0, 0, 0, 0, 0, 0, 1, 39, 25, 76, 16, 16, -43, -36, 59, -118]
[0, 0, 0, 0, 0, 0, 0, 0, 0, 0, 0, 0, 0, 0, 0, 0, 1, 40, -94, -85, 103, 7, 118, -3, -8, 7]
[0, 0, 0, 0, 0, 0, 0, 0, 0, 0, 0, 0, 0, 0, 0, 0, 1, 41, 56, 26, -94, -33, -105, -57, -68, -22]
[0, 0, 0, 0, 0, 0, 0, 0, 0, 0, 0, 0, 0, 0, 0, 0, 1, 42, 87, -33, -8, 110, 31, -128, 13, 38]
[0, 0, 0, 0, 0, 0, 0, 0, 0, 0, 0, 0, 0, 0, 0, 0, 1, 43, 67, 2, 69, -53, -12, -2, 11, -62]
[0, 0, 0, 0, 0, 0, 0, 0, 0, 0, 0, 0, 0, 0, 0, 0, 1, 44, 41, -94, 61, -101, -22, 93, -104, 100]
[0, 0, 0, 0, 0, 0, 0, 0, 0, 0, 0, 0, 0, 0, 0, 0, 1, 45, -101, 19, 32, 87, -119, -43, 107, 98]
[0, 0, 0, 0, 0, 0, 0, 0, 0, 0, 0, 0, 0, 0, 0, 0, 1, 46, -108, -88, 31, 31, -70, -74, -48, 107]
[0, 0, 0, 0, 0, 0, 0, 0, 0, 0, 0, 0, 0, 0, 0, 0, 1, 47, -23, 2, 118, -22, 41, 52, -26, 49]
[0, 0, 0, 0, 0, 0, 0, 0, 0, 0, 0, 0, 0, 0, 0, 0, 1, 48, 32, -88, -33, -32, 79, -15, 81, -20]
[0, 0, 0, 0, 0, 0, 0, 0, 0, 0, 0, 0, 0, 0, 0, 0, 1, 49, 107, 121, -15, -48, 110, -105, 76, -94]
[0, 0, 0, 0, 0, 0, 0, 0, 0, 0, 0, 0, 0, 0, 0, 0, 1, 50, 127, -27, -99, 61, -94, -77, -33, 88]
[0, 0, 0, 0, 0, 0, 0, 0, 0, 0, 0, 0, 0, 0, 0, 0, 1, 51, -12, -92, -110, -65, 49, -83, -8, -5]
[0, 0, 0, 0, 0, 0, 0, 0, 0, 0, 0, 0, 0, 0, 0, 0, 1, 52, 1, -105, 2, 28, 61, -45, 19, 97]
[0, 0, 0, 0, 0, 0, 0, 0, 0, 0, 0, 0, 0, 0, 0, 0, 1, 53, -27, 107, -95, -95, 117, 127, 91, 47]
[0, 0, 0, 0, 0, 0, 0, 0, 0, 0, 0, 0, 0, 0, 0, 0, 1, 54, 14, -51, -125, 28, -122, 67, -95, -83]
[0, 0, 0, 0, 0, 0, 0, 0, 0, 0, 0, 0, 0, 0, 0, 0, 1, 55, 70, 21, 13, -53, 37, 42, -17, -94]
[0, 0, 0, 0, 0, 0, 0, 0, 0, 0, 0, 0, 0, 0, 0, 0, 1, 56, -85, -15, -42, 64, -51, 84, 110, -9]
[0, 0, 0, 0, 0, 0, 0, 0, 0, 0, 0, 0, 0, 0, 0, 0, 1, 57, -104, 55, -12, 82, 91, -71, -118, 4]
[0, 0, 0, 0, 0, 0, 0, 0, 0, 0, 0, 0, 0, 0, 0, 0, 1, 58, -3, 47, 31, -38, 7, -14, -113, -98]
[0, 0, 0, 0, 0, 0, 0, 0, 0, 0, 0, 0, 0, 0, 0, 0, 1, 59, -62, -108, 41, 87, -23, -3, 74, 22]
[0, 0, 0, 0, 0, 0, 0, 0, 0, 0, 0, 0, 0, 0, 0, 0, 1, 60, 122, -50, -42, 84, -70, -20, -38, -85]
[0, 0, 0, 0, 0, 0, 0, 0, 0, 0, 0, 0, 0, 0, 0, 0, 1, 61, -26, 8, -60, -43, -82, -48, -119, -119]
[0, 0, 0, 0, 0, 0, 0, 0, 0, 0, 0, 0, 0, 0, 0, 0, 1, 62, -113, -27, 32, 19, -88, -104, -89, 42]
[0, 0, 0, 0, 0, 0, 0, 0, 0, 0, 0, 0, 0, 0, 0, 0, 1, 63, -51, -82, -57, -32, 97, -94, 88, -3]
[0, 0, 0, 0, 0, 0, 0, 0, 0, 0, 0, 0, 0, 0, 0, 0, 1, 64, 31, -71, -83, 38, 121, -75, 4, -95]
[0, 0, 0, 0, 0, 0, 0, 0, 0, 0, 0, 0, 0, 0, 0, 0, 1, 65, 38, 14, 93, -26, -48, 7, -68, -33]
[0, 0, 0, 0, 0, 0, 0, 0, 0, 0, 0, 0, 0, 0, 0, 0, 1, 66, -98, -36, 82, -3, -75, 41, 26, 11]
[0, 0, 0, 0, 0, 0, 0, 0, 0, 0, 0, 0, 0, 0, 0, 0, 1, 67, -98, -68, -5, -17, -45, -15, -101, -12]
[0, 0, 0, 0, 0, 0, 0, 0, 0, 0, 0, 0, 0, 0, 0, 0, 1, 68, 79, -104, 62, 13, 13, -118, 98, 61]
[0, 0, 0, 0, 0, 0, 0, 0, 0, 0, 0, 0, 0, 0, 0, 0, 1, 69, 112, 110, -20, -94, -48, 73, 2, 28]
[0, 0, 0, 0, 0, 0, 0, 0, 0, 0, 0, 0, 0, 0, 0, 0, 1, 70, -125, -43, 104, 81, -12, 98, 74, 98]
[0, 0, 0, 0, 0, 0, 0, 0, 0, 0, 0, 0, 0, 0, 0, 0, 1, 71, -88, 8, 110, 13, -122, -39, 21, -53]
[0, 0, 0, 0, 0, 0, 0, 0, 0, 0, 0, 0, 0, 0, 0, 0, 1, 72, -45, -118, -71, -119, -32, -88, 56, 41]
[0, 0, 0, 0, 0, 0, 0, 0, 0, 0, 0, 0, 0, 0, 0, 0, 1, 73, 110, 21, 16, 8, 87, -85, -98, 79]
[0, 0, 0, 0, 0, 0, 0, 0, 0, 0, 0, 0, 0, 0, 0, 0, 1, 74, 88, -75, 44, -122, -36, -122, 7, -8]
[0, 0, 0, 0, 0, 0, 0, 0, 0, 0, 0, 0, 0, 0, 0, 0, 1, 75, 41, 13, 35, 42, -92, 8, 42, -48]
[0, 0, 0, 0, 0, 0, 0, 0, 0, 0, 0, 0, 0, 0, 0, 0, 1, 76, -128, 69, 22, 67, 41, -53, 104, 103]
[0, 0, 0, 0, 0, 0, 0, 0, 0, 0, 0, 0, 0, 0, 0, 0, 1, 77, -88, -32, -118, -36, -53, 112, 31, -111]
[0, 0, 0, 0, 0, 0, 0, 0, 0, 0, 0, 0, 0, 0, 0, 0, 1, 78, -80, -15, 8, -60, -36, 14, -33, -56]
[0, 0, 0, 0, 0, 0, 0, 0, 0, 0, 0, 0, 0, 0, 0, 0, 1, 79, 117, -110, -98, -53, -15, 28, -80, 110]
[0, 0, 0, 0, 0, 0, 0, 0, 0, 0, 0, 0, 0, 0, 0, 0, 1, 80, -89, 103, -51, 79, 94, 121, 49, 115]
[0, 0, 0, 0, 0, 0, 0, 0, 0, 0, 0, 0, 0, 0, 0, 0, 1, 81, 87, 98, -12, -122, 35, -65, -29, 44]
[0, 0, 0, 0, 0, 0, 0, 0, 0, 0, 0, 0, 0, 0, 0, 0, 1, 82, -122, 22, -122, -95, -29, 81, 47, 49]
[0, 0, 0, 0, 0, 0, 0, 0, 0, 0, 0, 0, 0, 0, 0, 0, 1, 83, -51, -125, 41, -42, -57, 74, 117, 100]
[0, 0, 0, 0, 0, 0, 0, 0, 0, 0, 0, 0, 0, 0, 0, 0, 1, 84, 84, 22, 56, 94, -33, -57, -118, 25]
[0, 0, 0, 0, 0, 0, 0, 0, 0, 0, 0, 0, 0, 0, 0, 0, 1, 85, 41, -43, -33, 16, 107, -42, 61, 49]
[0, 0, 0, 0, 0, 0, 0, 0, 0, 0, 0, 0, 0, 0, 0, 0, 1, 86, 115, -32, -39, -85, 118, -56, 8, -26]
[0, 0, 0, 0, 0, 0, 0, 0, 0, 0, 0, 0, 0, 0, 0, 0, 1, 87, -5, 112, -111, -108, -42, 32, 44, 49]
[0, 0, 0, 0, 0, 0, 0, 0, 0, 0, 0, 0, 0, 0, 0, 0, 1, 88, 122, -63, -119, -125, 87, 56, -20, 124]
[0, 0, 0, 0, 0, 0, 0, 0, 0, 0, 0, 0, 0, 0, 0, 0, 1, 89, -43, -123, -5, -42, 67, -3, 118, -48]
[0, 0, 0, 0, 0, 0, 0, 0, 0, 0, 0, 0, 0, 0, 0, 0, 1, 90, -50, -74, -57, -51, 121, -15, 91, 47]
[0, 0, 0, 0, 0, 0, 0, 0, 0, 0, 0, 0, 0, 0, 0, 0, 1, 91, -32, -70, -60, -116, 81, -80, -50, -14]
[0, 0, 0, 0, 0, 0, 0, 0, 0, 0, 0, 0, 0, 0, 0, 0, 1, 92, 13, 73, 100, -51, -27, -23, -51, -14]
[0, 0, 0, 0, 0, 0, 0, 0, 0, 0, 0, 0, 0, 0, 0, 0, 1, 93, -89, -122, -82, -60, 67, 49, -27, -70]
[0, 0, 0, 0, 0, 0, 0, 0, 0, 0, 0, 0, 0, 0, 0, 0, 1, 94, 61, 110, -95, -60, 62, -105, 88, 115]
[0, 0, 0, 0, 0, 0, 0, 0, 0, 0, 0, 0, 0, 0, 0, 0, 1, 95, -51, -43, 2, -111, -85, 4, -43, 16]
[0, 0, 0, 0, 0, 0, 0, 0, 0, 0, 0, 0, 0, 0, 0, 0, 1, 96, -75, -51, 76, -27, -70, 91, -26, -128]
[0, 0, 0, 0, 0, 0, 0, 0, 0, 0, 0, 0, 0, 0, 0, 0, 1, 97, -50, 26, -23, 81, -26, -101, -118, 59]
[0, 0, 0, 0, 0, 0, 0, 0, 0, 0, 0, 0, 0, 0, 0, 0, 1, 98, -71, -26, -50, -60, 28, -65, 124, 104]
[0, 0, 0, 0, 0, 0, 0, 0, 0, 0, 0, 0, 0, 0, 0, 0, 1, 99, -36, -56, 8, -77, -74, -92, -57, 124]
[0, 0, 0, 0, 0, 0, 0, 0, 0, 0, 0, 0, 0, 0, 0, 0, 1, 100, -53, -42, -116, -98, 47, 16, 13, 93]
[0, 0, 0, 0, 0, 0, 0, 0, 0, 0, 0, 0, 0, 0, 0, 0, 1, 101, 109, 76, 81, 81, 50, -23, -2, 2]
[0, 0, 0, 0, 0, 0, 0, 0, 0, 0, 0, 0, 0, 0, 0, 0, 1, 102, -88, -33, 59, 59, -39, 31, -43, -9]
[0, 0, 0, 0, 0, 0, 0, 0, 0, 0, 0, 0, 0, 0, 0, 0, 1, 103, 117, 49, 49, -108, 79, 109, -63, -104]
[0, 0, 0, 0, 0, 0, 0, 0, 0, 0, 0, 0, 0, 0, 0, 0, 1, 104, 88, 35, 87, 35, -80, -119, -123, 127]
[0, 0, 0, 0, 0, 0, 0, 0, 0, 0, 0, 0, 0, 0, 0, 0, 1, 105, -92, -63, 73, 107, 88, -98, 22, -118]
[0, 0, 0, 0, 0, 0, 0, 0, 0, 0, 0, 0, 0, 0, 0, 0, 1, 106, -101, -53, 81, 62, 16, -27, -77, 41]
[0, 0, 0, 0, 0, 0, 0, 0, 0, 0, 0, 0, 0, 0, 0, 0, 1, 107, -101, 79, -3, -2, 121, 82, -77, 49]
[0, 0, 0, 0, 0, 0, 0, 0, 0, 0, 0, 0, 0, 0, 0, 0, 1, 108, 82, 82, -62, 93, -88, -62, -85, 13]
[0, 0, 0, 0, 0, 0, 0, 0, 0, 0, 0, 0, 0, 0, 0, 0, 1, 109, -45, 47, 67, -111, -42, 110, 76, 104]
[0, 0, 0, 0, 0, 0, 0, 0, 0, 0, 0, 0, 0, 0, 0, 0, 1, 110, 32, 55, -80, 4, 103, 112, 21, -65]
[0, 0, 0, 0, 0, 0, 0, 0, 0, 0, 0, 0, 0, 0, 0, 0, 1, 111, 11, -14, -5, 42, 104, 52, 122, 16]
[0, 0, 0, 0, 0, 0, 0, 0, 0, 0, 0, 0, 0, 0, 0, 0, 1, 112, 98, -113, -99, -85, -89, -26, 100, -38]
[0, 0, 0, 0, 0, 0, 0, 0, 0, 0, 0, 0, 0, 0, 0, 0, 1, 113, -80, -99, -38, -5, -92, 84, -15, 100]
[0, 0, 0, 0, 0, 0, 0, 0, 0, 0, 0, 0, 0, 0, 0, 0, 1, 114, 122, 98, 37, 73, 117, -118, -83, -17]
[0, 0, 0, 0, 0, 0, 0, 0, 0, 0, 0, 0, 0, 0, 0, 0, 1, 115, -8, 28, -123, 121, -32, 44, 14, -77]
[0, 0, 0, 0, 0, 0, 0, 0, 0, 0, 0, 0, 0, 0, 0, 0, 1, 116, 103, 35, 117, 49, 87, 115, -105, 61]
[0, 0, 0, 0, 0, 0, 0, 0, 0, 0, 0, 0, 0, 0, 0, 0, 1, 117, -5, 82, -9, 121, 31, -75, -3, -12]
[0, 0, 0, 0, 0, 0, 0, 0, 0, 0, 0, 0, 0, 0, 0, 0, 1, 118, -39, 112, 81, 124, -51, 52, 44, 59]
[0, 0, 0, 0, 0, 0, 0, 0, 0, 0, 0, 0, 0, 0, 0, 0, 1, 119, 50, 22, 69, 11, -15, -119, -39, 121]
[0, 0, 0, 0, 0, 0, 0, 0, 0, 0, 0, 0, 0, 0, 0, 0, 1, 120, -23, -89, -36, 26, -68, 37, 35, 2]
[0, 0, 0, 0, 0, 0, 0, 0, 0, 0, 0, 0, 0, 0, 0, 0, 1, 121, -2, -80, 55, -53, 70, 31, 21, 110]
[0, 0, 0, 0, 0, 0, 0, 0, 0, 0, 0, 0, 0, 0, 0, 0, 1, 122, 109, 79, -39, -8, -128, -43, -125, -85]
[0, 0, 0, 0, 0, 0, 0, 0, 0, 0, 0, 0, 0, 0, 0, 0, 1, 123, -39, -85, 56, 42, 67, 79, 64, -111]
[0, 0, 0, 0, 0, 0, 0, 0, 0, 0, 0, 0, 0, 0, 0, 0, 1, 124, -33, -116, -38, 32, -113, 118, -74, -122]
[0, 0, 0, 0, 0, 0, 0, 0, 0, 0, 0, 0, 0, 0, 0, 0, 1, 125, 94, -74, -60, -85, -26, 67, -56, -111]
[0, 0, 0, 0, 0, 0, 0, 0, 0, 0, 0, 0, 0, 0, 0, 0, 1, 126, -36, 59, -125, -65, -48, 37, 98, 69]
[0, 0, 0, 0, 0, 0, 0, 0, 0, 0, 0, 0, 0, 0, 0, 0, 1, 127, 70, -92, -45, -27, -105, -29, -17, -113]
[0, 0, 0, 0, 0, 0, 0, 0, 0, 0, 0, 0, 0, 0, 0, 0, 1, -128, 112, 4, 42, 2, 93, 28, 35, -32]
[0, 0, 0, 0, 0, 0, 0, 0, 0, 0, 0, 0, 0, 0, 0, 0, 1, -127, 112, -125, 26, -108, -45, 8, 11, 124]
[0, 0, 0, 0, 0, 0, 0, 0, 0, 0, 0, 0, 0, 0, 0, 0, 1, -126, 98, -71, -94, -22, -15, -56, -8, -51]
[0, 0, 0, 0, 0, 0, 0, 0, 0, 0, 0, 0, 0, 0, 0, 0, 1, -125, 50, -99, 64, -60, 73, -22, -74, -75]
[0, 0, 0, 0, 0, 0, 0, 0, 0, 0, 0, 0, 0, 0, 0, 0, 1, -124, -101, -39, 79, -63, 31, 74, -105, 82]
[0, 0, 0, 0, 0, 0, 0, 0, 0, 0, 0, 0, 0, 0, 0, 0, 1, -123, -32, 62, 94, -85, 61, -48, 19, 31]
[0, 0, 0, 0, 0, 0, 0, 0, 0, 0, 0, 0, 0, 0, 0, 0, 1, -122, 11, 44, 110, -95, -57, -51, 82, -85]
[0, 0, 0, 0, 0, 0, 0, 0, 0, 0, 0, 0, 0, 0, 0, 0, 1, -121, 70, 19, 35, -22, -8, 87, -53, 93]
[0, 0, 0, 0, 0, 0, 0, 0, 0, 0, 0, 0, 0, 0, 0, 0, 1, -120, 115, -38, -53, -70, -33, -111, -98, -123]
[0, 0, 0, 0, 0, 0, 0, 0, 0, 0, 0, 0, 0, 0, 0, 0, 1, -119, 112, -70, 104, -70, -104, 98, 81, 14]
[0, 0, 0, 0, 0, 0, 0, 0, 0, 0, 0, 0, 0, 0, 0, 0, 1, -118, -45, -110, 37, -43, -9, 82, 73, -118]
[0, 0, 0, 0, 0, 0, 0, 0, 0, 0, 0, 0, 0, 0, 0, 0, 1, -117, -85, -42, -85, 110, 55, -23, 118, -39]
[0, 0, 0, 0, 0, 0, 0, 0, 0, 0, 0, 0, 0, 0, 0, 0, 1, -116, 93, -26, -15, -14, -62, -80, -70, -33]
[0, 0, 0, 0, 0, 0, 0, 0, 0, 0, 0, 0, 0, 0, 0, 0, 1, -115, -83, 88, 59, 91, 94, -20, -92, 1]
[0, 0, 0, 0, 0, 0, 0, 0, 0, 0, 0, 0, 0, 0, 0, 0, 1, -114, 22, -60, -88, 31, -27, -68, -95, 59]
[0, 0, 0, 0, 0, 0, 0, 0, 0, 0, 0, 0, 0, 0, 0, 0, 1, -113, 127, 98, -56, 100, 55, -111, -9, 31]
[0, 0, 0, 0, 0, 0, 0, 0, 0, 0, 0, 0, 0, 0, 0, 0, 1, -112, -53, 118, -32, 38, 109, 2, 25, 16]
[0, 0, 0, 0, 0, 0, 0, 0, 0, 0, 0, 0, 0, 0, 0, 0, 1, -111, -85, 64, 110, 22, 97, 94, -29, 31]
[0, 0, 0, 0, 0, 0, 0, 0, 0, 0, 0, 0, 0, 0, 0, 0, 1, -110, 38, -15, 115, 42, -113, 62, 110, -122]
[0, 0, 0, 0, 0, 0, 0, 0, 0, 0, 0, 0, 0, 0, 0, 0, 1, -109, -12, -56, 49, 88, -110, 56, -48, -89]
[0, 0, 0, 0, 0, 0, 0, 0, 0, 0, 0, 0, 0, 0, 0, 0, 1, -108, -17, 47, -104, 56, 50, -12, 115, -62]
[0, 0, 0, 0, 0, 0, 0, 0, 0, 0, 0, 0, 0, 0, 0, 0, 1, -107, 25, 109, 118, 88, -23, 82, -17, 117]
[0, 0, 0, 0, 0, 0, 0, 0, 0, 0, 0, 0, 0, 0, 0, 0, 1, -106, 122, -74, 13, 67, 26, -43, -77, 19]
[0, 0, 0, 0, 0, 0, 0, 0, 0, 0, 0, 0, 0, 0, 0, 0, 1, -105, -68, 21, -42, 122, 100, -33, -89, -125]
[0, 0, 0, 0, 0, 0, 0, 0, 0, 0, 0, 0, 0, 0, 0, 0, 1, -104, -89, -20, -105, -27, -39, 21, 22, -83]
[0, 0, 0, 0, 0, 0, 0, 0, 0, 0, 0, 0, 0, 0, 0, 0, 1, -103, -101, -27, -92, 55, -101, 25, 122, 103]
[0, 0, 0, 0, 0, 0, 0, 0, 0, 0, 0, 0, 0, 0, 0, 0, 1, -102, 11, 8, -8, -62, -51, 91, 110, 44]
[0, 0, 0, 0, 0, 0, 0, 0, 0, 0, 0, 0, 0, 0, 0, 0, 1, -101, 79, 41, 117, 91, -116, 81, -71, -99]
[0, 0, 0, 0, 0, 0, 0, 0, 0, 0, 0, 0, 0, 0, 0, 0, 1, -100, 104, 11, -105, 13, 109, -38, -8, 56]
[0, 0, 0, 0, 0, 0, 0, 0, 0, 0, 0, 0, 0, 0, 0, 0, 1, -99, -27, -77, -88, -15, -12, 98, -9, -38]
[0, 0, 0, 0, 0, 0, 0, 0, 0, 0, 0, 0, 0, 0, 0, 0, 1, -98, -123, -74, 4, -122, 7, -82, 74, -119]
[0, 0, 0, 0, 0, 0, 0, 0, 0, 0, 0, 0, 0, 0, 0, 0, 1, -97, -29, 19, -8, -33, -122, 7, -65, 127]
[0, 0, 0, 0, 0, 0, 0, 0, 0, 0, 0, 0, 0, 0, 0, 0, 1, -96, -88, 110, 118, 81, 127, 44, 79, -118]
[0, 0, 0, 0, 0, 0, 0, 0, 0, 0, 0, 0, 0, 0, 0, 0, 1, -95, 14, 38, -119, -68, 32, 82, 76, 13]
[0, 0, 0, 0, 0, 0, 0, 0, 0, 0, 0, 0, 0, 0, 0, 0, 1, -94, 50, 11, -9, -108, 55, -98, 117, -2]
[0, 0, 0, 0, 0, 0, 0, 0, 0, 0, 0, 0, 0, 0, 0, 0, 1, -93, 97, -94, -14, -14, -50, 31, -116, -48]
[0, 0, 0, 0, 0, 0, 0, 0, 0, 0, 0, 0, 0, 0, 0, 0, 1, -92, -110, 44, -26, 73, 2, -5, -2, -77]
[0, 0, 0, 0, 0, 0, 0, 0, 0, 0, 0, 0, 0, 0, 0, 0, 1, -91, 79, 55, 16, 124, -57, 41, -71, 21]
[0, 0, 0, 0, 0, 0, 0, 0, 0, 0, 0, 0, 0, 0, 0, 0, 1, -90, 124, -42, -104, 31, -85, 98, -39, 67]
[0, 0, 0, 0, 0, 0, 0, 0, 0, 0, 0, 0, 0, 0, 0, 0, 1, -89, -56, -9, -88, 109, 88, -20, -14, 16]
[0, 0, 0, 0, 0, 0, 0, 0, 0, 0, 0, 0, 0, 0, 0, 0, 1, -88, 76, -36, -94, 104, -88, 118, 32, -85]
[0, 0, 0, 0, 0, 0, 0, 0, 0, 0, 0, 0, 0, 0, 0, 0, 1, -87, 97, -122, -110, -82, -50, 8, -9, 70]
[0, 0, 0, 0, 0, 0, 0, 0, 0, 0, 0, 0, 0, 0, 0, 0, 1, -86, -108, -15, 31, -75, 104, -98, 121, 74]
[0, 0, 0, 0, 0, 0, 0, 0, 0, 0, 0, 0, 0, 0, 0, 0, 1, -85, 64, -105, 118, -85, 50, 47, -17, -8]
[0, 0, 0, 0, 0, 0, 0, 0, 0, 0, 0, 0, 0, 0, 0, 0, 1, -84, 104, 91, -53, -62, 22, 62, -80, 104]
[0, 0, 0, 0, 0, 0, 0, 0, 0, 0, 0, 0, 0, 0, 0, 0, 1, -83, 62, -57, 62, 19, -83, 56, 115, -57]
[0, 0, 0, 0, 0, 0, 0, 0, 0, 0, 0, 0, 0, 0, 0, 0, 1, -82, -108, 31, 16, 55, 70, -43, -60, 14]
[0, 0, 0, 0, 0, 0, 0, 0, 0, 0, 0, 0, 0, 0, 0, 0, 1, -81, 70, -98, -51, -71, -75, 31, 124, 56]
[0, 0, 0, 0, 0, 0, 0, 0, 0, 0, 0, 0, 0, 0, 0, 0, 1, -80, -128, 13, -105, -70, -26, -45, -89, -94]
[0, 0, 0, 0, 0, 0, 0, 0, 0, 0, 0, 0, 0, 0, 0, 0, 1, -79, -60, -57, -92, 55, -82, -122, 122, 41]
[0, 0, 0, 0, 0, 0, 0, 0, 0, 0, 0, 0, 0, 0, 0, 0, 1, -78, -65, -113, -92, -128, -33, -32, 124, 127]
[0, 0, 0, 0, 0, 0, 0, 0, 0, 0, 0, 0, 0, 0, 0, 0, 1, -77, 98, 47, -118, -29, 100, -119, 52, -89]
[0, 0, 0, 0, 0, 0, 0, 0, 0, 0, 0, 0, 0, 0, 0, 0, 1, -76, 109, 52, 118, -65, -125, 121, 70, -119]
[0, 0, 0, 0, 0, 0, 0, 0, 0, 0, 0, 0, 0, 0, 0, 0, 1, -75, -101, 103, 93, -23, 25, 87, -116, 124]
[0, 0, 0, 0, 0, 0, 0, 0, 0, 0, 0, 0, 0, 0, 0, 0, 1, -74, -39, -111, -116, -70, -39, -74, -108, -62]
[0, 0, 0, 0, 0, 0, 0, 0, 0, 0, 0, 0, 0, 0, 0, 0, 1, -73, 76, -82, 109, -63, -50, -128, 74, 69]
[0, 0, 0, 0, 0, 0, 0, 0, 0, 0, 0, 0, 0, 0, 0, 0, 1, -72, -85, -95, -99, 67, 19, -39, 38, -38]
[0, 0, 0, 0, 0, 0, 0, 0, 0, 0, 0, 0, 0, 0, 0, 0, 1, -71, 73, -71, 26, -22, 4, -22, -88, -27]
[0, 0, 0, 0, 0, 0, 0, 0, 0, 0, 0, 0, 0, 0, 0, 0, 1, -70, 88, 35, 62, -56, 50, -122, 70, -23]
[0, 0, 0, 0, 0, 0, 0, 0, 0, 0, 0, 0, 0, 0, 0, 0, 1, -69, 74, 62, 62, -98, 112, -17, -99, 50]
[0, 0, 0, 0, 0, 0, 0, 0, 0, 0, 0, 0, 0, 0, 0, 0, 1, -68, -27, 19, -32, 26, -83, 94, 7, -3]
[0, 0, 0, 0, 0, 0, 0, 0, 0, 0, 0, 0, 0, 0, 0, 0, 1, -67, 104, -123, -128, -99, 70, 55, -119, -17]
[0, 0, 0, 0, 0, 0, 0, 0, 0, 0, 0, 0, 0, 0, 0, 0, 1, -66, -29, 8, -77, -95, -80, 31, -80, 109]
[0, 0, 0, 0, 0, 0, 0, 0, 0, 0, 0, 0, 0, 0, 0, 0, 1, -65, -128, -20, 115, 61, 25, -122, -51, -111]
[0, 0, 0, 0, 0, 0, 0, 0, 0, 0, 0, 0, 0, 0, 0, 0, 1, -64, -14, -2, 73, 16, 41, 22, 28, 32]
[0, 0, 0, 0, 0, 0, 0, 0, 0, 0, 0, 0, 0, 0, 0, 0, 1, -63, 16, 44, 124, -63, -80, 8, -48, -71]
[0, 0, 0, 0, 0, 0, 0, 0, 0, 0, 0, 0, 0, 0, 0, 0, 1, -62, -39, -62, -38, 91, -99, -111, -94, 100]
[0, 0, 0, 0, 0, 0, 0, 0, 0, 0, 0, 0, 0, 0, 0, 0, 1, -61, 73, -83, -125, -89, -23, 31, 97, -9]
[0, 0, 0, 0, 0, 0, 0, 0, 0, 0, 0, 0, 0, 0, 0, 0, 1, -60, 82, -82, 121, -98, 52, 14, 44, 118]
[0, 0, 0, 0, 0, 0, 0, 0, 0, 0, 0, 0, 0, 0, 0, 0, 1, -59, -128, 117, 38, 67, 110, 98, -101, 16]
[0, 0, 0, 0, 0, 0, 0, 0, 0, 0, 0, 0, 0, 0, 0, 0, 1, -58, 74, -94, 22, -113, -32, -110, 22, 1]
[0, 0, 0, 0, 0, 0, 0, 0, 0, 0, 0, 0, 0, 0, 0, 0, 1, -57, 28, 122, 93, 50, -12, -48, 74, -83]
[0, 0, 0, 0, 0, 0, 0, 0, 0, 0, 0, 0, 0, 0, 0, 0, 1, -56, -5, -110, 107, -51, -83, 76, 4, 1]
[0, 0, 0, 0, 0, 0, 0, 0, 0, 0, 0, 0, 0, 0, 0, 0, 1, -55, -123, 64, 21, -17, 109, 59, -56, -32]
[0, 0, 0, 0, 0, 0, 0, 0, 0, 0, 0, 0, 0, 0, 0, 0, 1, -54, 82, 115, 70, 69, -89, 118, 88, 87]
[0, 0, 0, 0, 0, 0, 0, 0, 0, 0, 0, 0, 0, 0, 0, 0, 1, -53, -39, -65, -15, 41, -77, -94, -9, 25]
[0, 0, 0, 0, 0, 0, 0, 0, 0, 0, 0, 0, 0, 0, 0, 0, 1, -52, -23, -119, -98, -128, 107, 21, -12, 44]
[0, 0, 0, 0, 0, 0, 0, 0, 0, 0, 0, 0, 0, 0, 0, 0, 1, -51, -128, 49, -15, -22, 11, -42, 64, 55]
[0, 0, 0, 0, 0, 0, 0, 0, 0, 0, 0, 0, 0, 0, 0, 0, 1, -50, -65, -32, -62, -3, 112, -20, 42, -75]
[0, 0, 0, 0, 0, 0, 0, 0, 0, 0, 0, 0, 0, 0, 0, 0, 1, -49, -118, 100, -15, -74, -118, 118, -110, 124]
[0, 0, 0, 0, 0, 0, 0, 0, 0, 0, 0, 0, 0, 0, 0, 0, 1, -48, -65, -113, 1, -23, 42, 25, -110, 4]
[0, 0, 0, 0, 0, 0, 0, 0, 0, 0, 0, 0, 0, 0, 0, 0, 1, -47, 70, 2, 117, -70, -65, 67, -75, -92]
[0, 0, 0, 0, 0, 0, 0, 0, 0, 0, 0, 0, 0, 0, 0, 0, 1, -46, -125, 87, -128, -104, -104, 70, -70, 93]
[0, 0, 0, 0, 0, 0, 0, 0, 0, 0, 0, 0, 0, 0, 0, 0, 1, -45, 74, 7, -36, -29, 4, -5, -116, -85]
[0, 0, 0, 0, 0, 0, 0, 0, 0, 0, 0, 0, 0, 0, 0, 0, 1, -44, 98, -2, -92, 70, 76, -42, -116, -88]
[0, 0, 0, 0, 0, 0, 0, 0, 0, 0, 0, 0, 0, 0, 0, 0, 1, -43, -92, 38, 100, 14, 121, 4, -92, 73]
[0, 0, 0, 0, 0, 0, 0, 0, 0, 0, 0, 0, 0, 0, 0, 0, 1, -42, -99, 100, 79, -88, 70, 121, -116, 19]
[0, 0, 0, 0, 0, 0, 0, 0, 0, 0, 0, 0, 0, 0, 0, 0, 1, -41, 109, -48, -110, -80, -74, -62, -45, 74]
[0, 0, 0, 0, 0, 0, 0, 0, 0, 0, 0, 0, 0, 0, 0, 0, 1, -40, -56, -123, 100, -38, 93, -101, -51, -85]
[0, 0, 0, 0, 0, 0, 0, 0, 0, 0, 0, 0, 0, 0, 0, 0, 1, -39, -108, -42, -123, 7, 19, 52, 47, -116]
[0, 0, 0, 0, 0, 0, 0, 0, 0, 0, 0, 0, 0, 0, 0, 0, 1, -38, -80, 26, 52, 4, -125, 69, -53, 2]
[0, 0, 0, 0, 0, 0, 0, 0, 0, 0, 0, 0, 0, 0, 0, 0, 1, -37, 21, -33, -20, -92, 104, -38, -116, 26]
[0, 0, 0, 0, 0, 0, 0, 0, 0, 0, 0, 0, 0, 0, 0, 0, 1, -36, -118, -65, 4, 97, 122, 94, -123, 110]
[0, 0, 0, 0, 0, 0, 0, 0, 0, 0, 0, 0, 0, 0, 0, 0, 1, -35, 82, 115, 122, -29, 93, 55, 74, -88]
[0, 0, 0, 0, 0, 0, 0, 0, 0, 0, 0, 0, 0, 0, 0, 0, 1, -34, -85, 64, 74, 31, 127, -125, 76, -45]
[0, 0, 0, 0, 0, 0, 0, 0, 0, 0, 0, 0, 0, 0, 0, 0, 1, -33, 103, -50, -53, -5, -53, -70, 62, 14]
[0, 0, 0, 0, 0, 0, 0, 0, 0, 0, 0, 0, 0, 0, 0, 0, 1, -32, -3, -8, 88, 104, -27, -83, 103, -94]
[0, 0, 0, 0, 0, 0, 0, 0, 0, 0, 0, 0, 0, 0, 0, 0, 1, -31, -56, -45, 103, -95, -70, -111, 38, -8]
[0, 0, 0, 0, 0, 0, 0, 0, 0, 0, 0, 0, 0, 0, 0, 0, 1, -30, 44, 121, 117, 8, -27, -17, -45, -17]
[0, 0, 0, 0, 0, 0, 0, 0, 0, 0, 0, 0, 0, 0, 0, 0, 1, -29, -8, 87, -70, 50, 50, 49, 88, 117]
[0, 0, 0, 0, 0, 0, 0, 0, 0, 0, 0, 0, 0, 0, 0, 0, 1, -28, -63, -74, 115, -12, 47, -42, -8, -75]
[0, 0, 0, 0, 0, 0, 0, 0, 0, 0, 0, 0, 0, 0, 0, 0, 1, -27, -122, 121, 81, 47, 44, -80, -77, 74]
[0, 0, 0, 0, 0, 0, 0, 0, 0, 0, 0, 0, 0, 0, 0, 0, 1, -26, -39, 7, -32, -75, -119, 74, -45, -17]
[0, 0, 0, 0, 0, 0, 0, 0, 0, 0, 0, 0, 0, 0, 0, 0, 1, -25, -113, -85, 25, 97, 11, 74, 93, -56]
[0, 0, 0, 0, 0, 0, 0, 0, 0, 0, 0, 0, 0, 0, 0, 0, 1, -24, -108, -39, 93, -43, 14, -60, 11, -38]
[0, 0, 0, 0, 0, 0, 0, 0, 0, 0, 0, 0, 0, 0, 0, 0, 1, -23, 127, 64, -14, 59, -85, 93, -36, -51]
[0, 0, 0, 0, 0, 0, 0, 0, 0, 0, 0, 0, 0, 0, 0, 0, 1, -22, 91, 14, 37, -65, 91, -122, -57, -57]
[0, 0, 0, 0, 0, 0, 0, 0, 0, 0, 0, 0, 0, 0, 0, 0, 1, -21, -9, -3, 117, -71, -12, 31, 21, -27]
[0, 0, 0, 0, 0, 0, 0, 0, 0, 0, 0, 0, 0, 0, 0, 0, 1, -20, -36, 109, -89, 127, -3, 84, 81, -108]
[0, 0, 0, 0, 0, 0, 0, 0, 0, 0, 0, 0, 0, 0, 0, 0, 1, -19, 37, 21, 44, -104, 4, 61, -123, 82]
[0, 0, 0, 0, 0, 0, 0, 0, 0, 0, 0, 0, 0, 0, 0, 0, 1, -18, -83, 13, 55, -36, 31, -101, 4, 50]
[0, 0, 0, 0, 0, 0, 0, 0, 0, 0, 0, 0, 0, 0, 0, 0, 1, -17, -116, 91, -128, -32, 21, 62, -36, 44]
[0, 0, 0, 0, 0, 0, 0, 0, 0, 0, 0, 0, 0, 0, 0, 0, 1, -16, 37, -65, -39, -43, 73, -128, -98, -12]
[0, 0, 0, 0, 0, 0, 0, 0, 0, 0, 0, 0, 0, 0, 0, 0, 1, -15, 11, 13, 4, -33, 91, -57, -53, 109]
[0, 0, 0, 0, 0, 0, 0, 0, 0, 0, 0, 0, 0, 0, 0, 0, 1, -14, -122, -95, 56, 112, 26, 28, 61, 69]
[0, 0, 0, 0, 0, 0, 0, 0, 0, 0, 0, 0, 0, 0, 0, 0, 1, -13, -27, 81, -50, -17, -95, -105, 104, -33]
[0, 0, 0, 0, 0, 0, 0, 0, 0, 0, 0, 0, 0, 0, 0, 0, 1, -12, -119, 81, -53, -125, 2, 87, -20, -20]
[0, 0, 0, 0, 0, 0, 0, 0, 0, 0, 0, 0, 0, 0, 0, 0, 1, -11, 31, -33, 76, -113, 8, -119, 13, 91]
[0, 0, 0, 0, 0, 0, 0, 0, 0, 0, 0, 0, 0, 0, 0, 0, 1, -10, -50, 2, 21, -74, 107, 37, 42, 64]
[0, 0, 0, 0, 0, 0, 0, 0, 0, 0, 0, 0, 0, 0, 0, 0, 1, -9, -36, -119, -22, 94, 21, 55, -101, -71]
[0, 0, 0, 0, 0, 0, 0, 0, 0, 0, 0, 0, 0, 0, 0, 0, 1, -8, -27, 59, 88, 7, 16, 25, -27, 109]
[0, 0, 0, 0, 0, 0, 0, 0, 0, 0, 0, 0, 0, 0, 0, 0, 1, -7, -74, -48, -71, -60, -26, -39, -29, -32]
[0, 0, 0, 0, 0, 0, 0, 0, 0, 0, 0, 0, 0, 0, 0, 0, 1, -6, -51, -22, -98, -119, 70, -71, 70, -92]
[0, 0, 0, 0, 0, 0, 0, 0, 0, 0, 0, 0, 0, 0, 0, 0, 1, -5, 50, -95, 56, 16, -94, 79, 19, 16]
[0, 0, 0, 0, 0, 0, 0, 0, 0, 0, 0, 0, 0, 0, 0, 0, 1, -4, 8, -32, -9, -14, -74, 107, 19, -53]
[0, 0, 0, 0, 0, 0, 0, 0, 0, 0, 0, 0, 0, 0, 0, 0, 1, -3, 14, -122, -32, 2, 91, 121, 104, 14]
[0, 0, 0, 0, 0, 0, 0, 0, 0, 0, 0, 0, 0, 0, 0, 0, 1, -2, 115, 62, -5, -27, 107, -22, -2, 22]
[0, 0, 0, 0, 0, 0, 0, 0, 0, 0, 0, 0, 0, 0, 0, 0, 1, -1, 84, -27, -8, 31, -23, -128, -95, -42]
[0, 0, 0, 0, 0, 0, 0, 0, 0, 0, 0, 0, 0, 0, 0, 0, 2, 0, 76, 61, 50, 110, -122, -20, 88, 74]
[0, 0, 0, 0, 0, 0, 0, 0, 0, 0, 0, 0, 0, 0, 0, 0, 2, 1, 69, -45, 32, -94, 41, 11, 97, -62]
[0, 0, 0, 0, 0, 0, 0, 0, 0, 0, 0, 0, 0, 0, 0, 0, 2, 2, 38, -99, -51, -110, 74, -119, 13, 25]
[0, 0, 0, 0, 0, 0, 0, 0, 0, 0, 0, 0, 0, 0, 0, 0, 2, 3, -128, 124, -98, -43, -104, -122, -74, 4]
[0, 0, 0, 0, 0, 0, 0, 0, 0, 0, 0, 0, 0, 0, 0, 0, 2, 4, -43, -33, 117, 88, 93, -5, 122, -119]
[0, 0, 0, 0, 0, 0, 0, 0, 0, 0, 0, 0, 0, 0, 0, 0, 2, 5, 100, 55, -39, 42, 87, -39, -17, -123]
[0, 0, 0, 0, 0, 0, 0, 0, 0, 0, 0, 0, 0, 0, 0, 0, 2, 6, 56, -3, 64, -8, 28, 50, -63, 67]
[0, 0, 0, 0, 0, 0, 0, 0, 0, 0, 0, 0, 0, 0, 0, 0, 2, 7, 41, -32, -51, 1, -53, 49, 16, -65]
[0, 0, 0, 0, 0, 0, 0, 0, 0, 0, 0, 0, 0, 0, 0, 0, 2, 8, -80, 28, -22, 56, -36, 59, 124, 49]
[0, 0, 0, 0, 0, 0, 0, 0, 0, 0, 0, 0, 0, 0, 0, 0, 2, 9, -5, 19, 7, -26, -77, -111, -123, 76]
[0, 0, 0, 0, 0, 0, 0, 0, 0, 0, 0, 0, 0, 0, 0, 0, 2, 10, -110, -116, 38, -122, -39, -9, 107, -2]
[0, 0, 0, 0, 0, 0, 0, 0, 0, 0, 0, 0, 0, 0, 0, 0, 2, 11, 87, -110, 47, -89, -119, 67, 35, -101]
[0, 0, 0, 0, 0, 0, 0, 0, 0, 0, 0, 0, 0, 0, 0, 0, 2, 12, 8, -20, -82, -48, 32, 7, 35, -122]
[0, 0, 0, 0, 0, 0, 0, 0, 0, 0, 0, 0, 0, 0, 0, 0, 2, 13, 69, 41, 122, -36, 8, 42, -125, -62]
[0, 0, 0, 0, 0, 0, 0, 0, 0, 0, 0, 0, 0, 0, 0, 0, 2, 14, 93, 81, -17, 82, 31, -125, 84, -77]
[0, 0, 0, 0, 0, 0, 0, 0, 0, 0, 0, 0, 0, 0, 0, 0, 2, 15, 21, 94, -36, 103, -9, 8, -65, 115]
[0, 0, 0, 0, 0, 0, 0, 0, 0, 0, 0, 0, 0, 0, 0, 0, 2, 16, -33, -5, 56, 127, -85, -23, 88, 122]
[0, 0, 0, 0, 0, 0, 0, 0, 0, 0, 0, 0, 0, 0, 0, 0, 2, 17, -68, -8, 62, 67, -104, -57, -89, 19]
[0, 0, 0, 0, 0, 0, 0, 0, 0, 0, 0, 0, 0, 0, 0, 0, 2, 18, 25, -15, -56, -70, 31, 100, -20, -92]
[0, 0, 0, 0, 0, 0, 0, 0, 0, 0, 0, 0, 0, 0, 0, 0, 2, 19, -63, 14, 14, -48, 117, -85, 98, 67]
[0, 0, 0, 0, 0, 0, 0, 0, 0, 0, 0, 0, 0, 0, 0, 0, 2, 20, -113, -77, 2, 7, 41, -53, -33, 76]
[0, 0, 0, 0, 0, 0, 0, 0, 0, 0, 0, 0, 0, 0, 0, 0, 2, 21, 94, -105, -60, 44, 112, 11, 76, 55]
[0, 0, 0, 0, 0, 0, 0, 0, 0, 0, 0, 0, 0, 0, 0, 0, 2, 22, -123, -128, 37, 104, -110, -70, 91, -83]
[0, 0, 0, 0, 0, 0, 0, 0, 0, 0, 0, 0, 0, 0, 0, 0, 2, 23, 97, 100, 94, -74, 28, 98, 94, -22]
[0, 0, 0, 0, 0, 0, 0, 0, 0, 0, 0, 0, 0, 0, 0, 0, 2, 24, 47, 110, 38, 112, -99, 100, -108, -38]
[0, 0, 0, 0, 0, 0, 0, 0, 0, 0, 0, 0, 0, 0, 0, 0, 2, 25, 97, -111, 21, 4, 69, 127, -89, -94]
[0, 0, 0, 0, 0, 0, 0, 0, 0, 0, 0, 0, 0, 0, 0, 0, 2, 26, 112, -3, 50, -65, -125, 59, -70, 61]
[0, 0, 0, 0, 0, 0, 0, 0, 0, 0, 0, 0, 0, 0, 0, 0, 2, 27, 67, -70, 1, -104, -125, -42, 87, -111]
[0, 0, 0, 0, 0, 0, 0, 0, 0, 0, 0, 0, 0, 0, 0, 0, 2, 28, -94, 97, 11, -9, 121, -9, 49, -83]
[0, 0, 0, 0, 0, 0, 0, 0, 0, 0, 0, 0, 0, 0, 0, 0, 2, 29, -99, -26, 124, -22, -105, -12, 70, -101]
[0, 0, 0, 0, 0, 0, 0, 0, 0, 0, 0, 0, 0, 0, 0, 0, 2, 30, 52, -43, 88, 69, -75, -2, 117, 44]
[0, 0, 0, 0, 0, 0, 0, 0, 0, 0, 0, 0, 0, 0, 0, 0, 2, 31, 49, 31, -26, -45, 104, -33, 82, 61]
[0, 0, 0, 0, 0, 0, 0, 0, 0, 0, 0, 0, 0, 0, 0, 0, 2, 32, 110, 97, 91, 19, -57, -101, -36, -36]
[0, 0, 0, 0, 0, 0, 0, 0, 0, 0, 0, 0, 0, 0, 0, 0, 2, 33, -88, -8, 32, 97, 13, 88, -8, -111]
[0, 0, 0, 0, 0, 0, 0, 0, 0, 0, 0, 0, 0, 0, 0, 0, 2, 34, 76, 42, 100, -77, -51, 26, -22, -63]
[0, 0, 0, 0, 0, 0, 0, 0, 0, 0, 0, 0, 0, 0, 0, 0, 2, 35, 100, -128, 11, 88, 56, -70, 100, 122]
[0, 0, 0, 0, 0, 0, 0, 0, 0, 0, 0, 0, 0, 0, 0, 0, 2, 36, -113, 87, 4, 44, -65, 26, -20, -9]
[0, 0, 0, 0, 0, 0, 0, 0, 0, 0, 0, 0, 0, 0, 0, 0, 2, 37, 100, 56, 16, 107, 100, -113, -48, -65]
[0, 0, 0, 0, 0, 0, 0, 0, 0, 0, 0, 0, 0, 0, 0, 0, 2, 38, -42, 98, 127, -39, 62, -50, -80, -92]
[0, 0, 0, 0, 0, 0, 0, 0, 0, 0, 0, 0, 0, 0, 0, 0, 2, 39, 1, 56, 11, -22, -53, -111, -70, 28]
[0, 0, 0, 0, 0, 0, 0, 0, 0, 0, 0, 0, 0, 0, 0, 0, 2, 40, 16, 94, 13, 79, 13, 47, 115, -17]
[0, 0, 0, 0, 0, 0, 0, 0, 0, 0, 0, 0, 0, 0, 0, 0, 2, 41, 21, 112, 44, 8, -42, -94, -65, 112]
[0, 0, 0, 0, 0, 0, 0, 0, 0, 0, 0, 0, 0, 0, 0, 0, 2, 42, -60, -77, 121, -118, -116, 70, 107, -57]
[0, 0, 0, 0, 0, 0, 0, 0, 0, 0, 0, 0, 0, 0, 0, 0, 2, 43, -74, 4, -111, -51, -92, 50, -53, -22]
[0, 0, 0, 0, 0, 0, 0, 0, 0, 0, 0, 0, 0, 0, 0, 0, 2, 44, -29, -83, -82, 94, -48, -75, -101, 26]
[0, 0, 0, 0, 0, 0, 0, 0, 0, 0, 0, 0, 0, 0, 0, 0, 2, 45, -75, 69, 1, -29, -105, -77, -14, -101]
[0, 0, 0, 0, 0, 0, 0, 0, 0, 0, 0, 0, 0, 0, 0, 0, 2, 46, -20, -74, 70, -65, -14, -22, -32, -98]
[0, 0, 0, 0, 0, 0, 0, 0, 0, 0, 0, 0, 0, 0, 0, 0, 2, 47, -68, 44, -95, 7, 122, -116, 50, -83]
[0, 0, 0, 0, 0, 0, 0, 0, 0, 0, 0, 0, 0, 0, 0, 0, 2, 48, -45, -63, -92, 25, -50, -15, 98, -53]
[0, 0, 0, 0, 0, 0, 0, 0, 0, 0, 0, 0, 0, 0, 0, 0, 2, 49, 124, -94, -75, -32, -75, 81, 98, 94]
[0, 0, 0, 0, 0, 0, 0, 0, 0, 0, 0, 0, 0, 0, 0, 0, 2, 50, 31, -53, -99, 38, 14, 59, -94, 115]
[0, 0, 0, 0, 0, 0, 0, 0, 0, 0, 0, 0, 0, 0, 0, 0, 2, 51, 41, 122, 69, 121, -68, -77, -9, -110]
[0, 0, 0, 0, 0, 0, 0, 0, 0, 0, 0, 0, 0, 0, 0, 0, 2, 52, 38, 93, -14, 76, 88, 50, 109, -27]
[0, 0, 0, 0, 0, 0, 0, 0, 0, 0, 0, 0, 0, 0, 0, 0, 2, 53, -94, -70, -45, -8, 76, 118, 70, 115]
[0, 0, 0, 0, 0, 0, 0, 0, 0, 0, 0, 0, 0, 0, 0, 0, 2, 54, -33, 70, 44, 74, -36, -77, -63, -12]
[0, 0, 0, 0, 0, 0, 0, 0, 0, 0, 0, 0, 0, 0, 0, 0, 2, 55, -57, 103, 44, -48, -8, 110, -98, -108]
[0, 0, 0, 0, 0, 0, 0, 0, 0, 0, 0, 0, 0, 0, 0, 0, 2, 56, -71, -95, 103, -2, -92, 112, -113, 2]
[0, 0, 0, 0, 0, 0, 0, 0, 0, 0, 0, 0, 0, 0, 0, 0, 2, 57, -80, 4, 28, 103, -125, -62, 121, -8]
[0, 0, 0, 0, 0, 0, 0, 0, 0, 0, 0, 0, 0, 0, 0, 0, 2, 58, -65, -119, -85, -26, -27, -53, -29, 98]
[0, 0, 0, 0, 0, 0, 0, 0, 0, 0, 0, 0, 0, 0, 0, 0, 2, 59, 13, -74, 25, 94, 25, -77, -2, 22]
[0, 0, 0, 0, 0, 0, 0, 0, 0, 0, 0, 0, 0, 0, 0, 0, 2, 60, 82, -45, 7, -33, -95, -74, -32, -48]
[0, 0, 0, 0, 0, 0, 0, 0, 0, 0, 0, 0, 0, 0, 0, 0, 2, 61, -92, -29, 121, -89, 37, 82, 49, -39]
[0, 0, 0, 0, 0, 0, 0, 0, 0, 0, 0, 0, 0, 0, 0, 0, 2, 62, -128, 64, -75, 41, 62, 112, 42, 22]
[0, 0, 0, 0, 0, 0, 0, 0, 0, 0, 0, 0, 0, 0, 0, 0, 2, 63, 32, 35, -63, -98, -27, 93, 52, -125]
[0, 0, 0, 0, 0, 0, 0, 0, 0, 0, 0, 0, 0, 0, 0, 0, 2, 64, 59, 26, -57, 127, -62, 97, -38, -94]
[0, 0, 0, 0, 0, 0, 0, 0, 0, 0, 0, 0, 0, 0, 0, 0, 2, 65, -94, 94, -65, -23, 112, -15, 59, -23]
[0, 0, 0, 0, 0, 0, 0, 0, 0, 0, 0, 0, 0, 0, 0, 0, 2, 66, -42, 61, 31, 41, -57, 67, -60, -111]
[0, 0, 0, 0, 0, 0, 0, 0, 0, 0, 0, 0, 0, 0, 0, 0, 2, 67, 124, -98, 1, 52, -50, 55, 110, 93]
[0, 0, 0, 0, 0, 0, 0, 0, 0, 0, 0, 0, 0, 0, 0, 0, 2, 68, -77, -111, -5, -89, -113, -123, -108, -63]
[0, 0, 0, 0, 0, 0, 0, 0, 0, 0, 0, 0, 0, 0, 0, 0, 2, 69, -62, 7, -27, 109, 110, -32, 110, 11]
[0, 0, 0, 0, 0, 0, 0, 0, 0, 0, 0, 0, 0, 0, 0, 0, 2, 70, -101, -17, -116, -94, -50, 64, -65, -101]
[0, 0, 0, 0, 0, 0, 0, 0, 0, 0, 0, 0, 0, 0, 0, 0, 2, 71, -15, 44, -75, -108, -68, 38, 13, 118]
[0, 0, 0, 0, 0, 0, 0, 0, 0, 0, 0, 0, 0, 0, 0, 0, 2, 72, -14, -68, -119, -108, -80, 50, 103, -63]
[0, 0, 0, 0, 0, 0, 0, 0, 0, 0, 0, 0, 0, 0, 0, 0, 2, 73, 81, -51, -108, -48, 44, 44, -116, -80]
[0, 0, 0, 0, 0, 0, 0, 0, 0, 0, 0, 0, 0, 0, 0, 0, 2, 74, -122, 4, 25, -110, -80, 104, -68, 112]
[0, 0, 0, 0, 0, 0, 0, 0, 0, 0, 0, 0, 0, 0, 0, 0, 2, 75, 47, 76, -8, 62, 73, 41, 98, 88]
[0, 0, 0, 0, 0, 0, 0, 0, 0, 0, 0, 0, 0, 0, 0, 0, 2, 76, -116, 26, -50, 121, -110, 19, -26, 62]
[0, 0, 0, 0, 0, 0, 0, 0, 0, 0, 0, 0, 0, 0, 0, 0, 2, 77, -29, 110, -88, 100, -3, 87, -94, -9]
[0, 0, 0, 0, 0, 0, 0, 0, 0, 0, 0, 0, 0, 0, 0, 0, 2, 78, -27, -123, -68, 16, 56, 117, 55, -15]
[0, 0, 0, 0, 0, 0, 0, 0, 0, 0, 0, 0, 0, 0, 0, 0, 2, 79, -111, -98, -2, -56, -88, 64, -17, 82]
[0, 0, 0, 0, 0, 0, 0, 0, 0, 0, 0, 0, 0, 0, 0, 0, 2, 80, 62, -92, -33, -33, -56, 110, -8, 117]
[0, 0, 0, 0, 0, 0, 0, 0, 0, 0, 0, 0, 0, 0, 0, 0, 2, 81, -43, -53, -48, 16, 82, 104, 13, -77]
[0, 0, 0, 0, 0, 0, 0, 0, 0, 0, 0, 0, 0, 0, 0, 0, 2, 82, -125, -20, -22, 121, -57, 4, -116, 64]
[0, 0, 0, 0, 0, 0, 0, 0, 0, 0, 0, 0, 0, 0, 0, 0, 2, 83, -110, -83, -94, 35, -70, 28, 56, 4]
[0, 0, 0, 0, 0, 0, 0, 0, 0, 0, 0, 0, 0, 0, 0, 0, 2, 84, 87, 91, -105, -38, 11, 107, -118, 19]
[0, 0, 0, 0, 0, 0, 0, 0, 0, 0, 0, 0, 0, 0, 0, 0, 2, 85, 73, -33, -85, -98, 118, -71, -74, -36]
[0, 0, 0, 0, 0, 0, 0, 0, 0, 0, 0, 0, 0, 0, 0, 0, 2, 86, -51, -56, 62, 107, -29, -63, 55, 62]
[0, 0, 0, 0, 0, 0, 0, 0, 0, 0, 0, 0, 0, 0, 0, 0, 2, 87, -75, -22, 8, 100, 64, -80, 107, 64]
[0, 0, 0, 0, 0, 0, 0, 0, 0, 0, 0, 0, 0, 0, 0, 0, 2, 88, 59, 69, 37, -98, -26, -77, 81, 4]
[0, 0, 0, 0, 0, 0, 0, 0, 0, 0, 0, 0, 0, 0, 0, 0, 2, 89, -2, -38, -14, 42, -23, 41, -2, 28]
[0, 0, 0, 0, 0, 0, 0, 0, 0, 0, 0, 0, 0, 0, 0, 0, 2, 90, 55, -71, 14, 28, -82, -80, -85, 47]
[0, 0, 0, 0, 0, 0, 0, 0, 0, 0, 0, 0, 0, 0, 0, 0, 2, 91, -53, 84, 107, -36, -29, 35, -53, -20]
[0, 0, 0, 0, 0, 0, 0, 0, 0, 0, 0, 0, 0, 0, 0, 0, 2, 92, 7, 115, 97, -23, 124, 79, -23, -118]
[0, 0, 0, 0, 0, 0, 0, 0, 0, 0, 0, 0, 0, 0, 0, 0, 2, 93, 109, 37, 109, -116, -42, -128, 2, -108]
[0, 0, 0, 0, 0, 0, 0, 0, 0, 0, 0, 0, 0, 0, 0, 0, 2, 94, -26, -53, -119, -68, -74, -57, 64, -9]
[0, 0, 0, 0, 0, 0, 0, 0, 0, 0, 0, 0, 0, 0, 0, 0, 2, 95, -101, 112, -74, 2, -29, 118, 42, -101]
[0, 0, 0, 0, 0, 0, 0, 0, 0, 0, 0, 0, 0, 0, 0, 0, 2, 96, -39, 84, -22, -74, -128, 73, 97, 73]
[0, 0, 0, 0, 0, 0, 0, 0, 0, 0, 0, 0, 0, 0, 0, 0, 2, 97, 37, -125, -123, 94, 41, 32, 59, 100]
[0, 0, 0, 0, 0, 0, 0, 0, 0, 0, 0, 0, 0, 0, 0, 0, 2, 98, 26, -80, 28, 55, -51, -98, -29, 69]
[0, 0, 0, 0, 0, 0, 0, 0, 0, 0, 0, 0, 0, 0, 0, 0, 2, 99, -108, 107, -82, -56, 69, 93, -75, -119]
[0, 0, 0, 0, 0, 0, 0, 0, 0, 0, 0, 0, 0, 0, 0, 0, 2, 100, 37, -12, 44, 74, -123, 44, 11, 118]
[0, 0, 0, 0, 0, 0, 0, 0, 0, 0, 0, 0, 0, 0, 0, 0, 2, 101, 117, 76, 117, -89, 107, 62, -104, 76]
[0, 0, 0, 0, 0, 0, 0, 0, 0, 0, 0, 0, 0, 0, 0, 0, 2, 102, -71, 81, -108, 124, -123, -128, -88, -2]
[0, 0, 0, 0, 0, 0, 0, 0, 0, 0, 0, 0, 0, 0, 0, 0, 2, 103, 64, 47, 47, 4, -57, 82, -83, 82]
[0, 0, 0, 0, 0, 0, 0, 0, 0, 0, 0, 0, 0, 0, 0, 0, 2, 104, 64, -98, 84, -118, 1, 84, -80, 98]
[0, 0, 0, 0, 0, 0, 0, 0, 0, 0, 0, 0, 0, 0, 0, 0, 2, 105, -5, -42, -32, 44, -108, -68, 31, -65]
[0, 0, 0, 0, 0, 0, 0, 0, 0, 0, 0, 0, 0, 0, 0, 0, 2, 106, -2, -125, 28, -3, -80, -42, -105, -26]
[0, 0, 0, 0, 0, 0, 0, 0, 0, 0, 0, 0, 0, 0, 0, 0, 2, 107, -92, 67, -89, 118, 19, 1, -74, 37]
[0, 0, 0, 0, 0, 0, 0, 0, 0, 0, 0, 0, 0, 0, 0, 0, 2, 108, -105, 13, 74, -95, 115, -82, -113, 94]
[0, 0, 0, 0, 0, 0, 0, 0, 0, 0, 0, 0, 0, 0, 0, 0, 2, 109, 42, -26, -111, 2, 1, 127, 50, 2]
[0, 0, 0, 0, 0, 0, 0, 0, 0, 0, 0, 0, 0, 0, 0, 0, 2, 110, 21, -12, 11, -33, 73, 8, -101, 35]
[0, 0, 0, 0, 0, 0, 0, 0, 0, 0, 0, 0, 0, 0, 0, 0, 2, 111, -77, -75, 22, -29, 2, 7, -39, -50]
[0, 0, 0, 0, 0, 0, 0, 0, 0, 0, 0, 0, 0, 0, 0, 0, 2, 112, -104, -23, 44, -74, 59, -22, -12, 8]
[0, 0, 0, 0, 0, 0, 0, 0, 0, 0, 0, 0, 0, 0, 0, 0, 2, 113, -48, 1, -60, 103, 47, -3, 52, 56]
[0, 0, 0, 0, 0, 0, 0, 0, 0, 0, 0, 0, 0, 0, 0, 0, 2, 114, -113, -9, 84, 81, -56, -60, -56, 74]
[0, 0, 0, 0, 0, 0, 0, 0, 0, 0, 0, 0, 0, 0, 0, 0, 2, 115, -26, -71, 76, -5, 31, -32, -89, 117]
[0, 0, 0, 0, 0, 0, 0, 0, 0, 0, 0, 0, 0, 0, 0, 0, 2, 116, 42, -75, 64, 79, 52, 59, -56, -123]
[0, 0, 0, 0, 0, 0, 0, 0, 0, 0, 0, 0, 0, 0, 0, 0, 2, 117, 118, 52, 98, -70, -36, 32, 19, 25]
[0, 0, 0, 0, 0, 0, 0, 0, 0, 0, 0, 0, 0, 0, 0, 0, 2, 118, -51, -108, 70, 97, 14, -89, 37, -83]
[0, 0, 0, 0, 0, 0, 0, 0, 0, 0, 0, 0, 0, 0, 0, 0, 2, 119, 31, 73, -122, -128, -42, 1, 88, 7]
[0, 0, 0, 0, 0, 0, 0, 0, 0, 0, 0, 0, 0, 0, 0, 0, 2, 120, 25, 37, 104, -70, 41, -98, 76, 31]
[0, 0, 0, 0, 0, 0, 0, 0, 0, 0, 0, 0, 0, 0, 0, 0, 2, 121, -26, 28, -62, 59, -23, 69, -2, -56]
[0, 0, 0, 0, 0, 0, 0, 0, 0, 0, 0, 0, 0, 0, 0, 0, 2, 122, 44, -39, -123, -80, 69, 110, -15, 74]
[0, 0, 0, 0, 0, 0, 0, 0, 0, 0, 0, 0, 0, 0, 0, 0, 2, 123, -111, 56, 91, 115, 61, -83, -57, -12]
[0, 0, 0, 0, 0, 0, 0, 0, 0, 0, 0, 0, 0, 0, 0, 0, 2, 124, 104, 73, -63, -99, 4, -38, 26, 112]
[0, 0, 0, 0, 0, 0, 0, 0, 0, 0, 0, 0, 0, 0, 0, 0, 2, 125, -48, -77, 87, 117, -62, -33, -53, 103]
[0, 0, 0, 0, 0, 0, 0, 0, 0, 0, 0, 0, 0, 0, 0, 0, 2, 126, 79, 38, -53, -26, 79, -20, -75, 110]
[0, 0, 0, 0, 0, 0, 0, 0, 0, 0, 0, 0, 0, 0, 0, 0, 2, 127, -3, 4, -101, -85, -8, 19, -74, 91]
[0, 0, 0, 0, 0, 0, 0, 0, 0, 0, 0, 0, 0, 0, 0, 0, 2, -128, 32, 124, 110, -48, 62, -74, 55, 50]
[0, 0, 0, 0, 0, 0, 0, 0, 0, 0, 0, 0, 0, 0, 0, 0, 2, -127, -99, -65, 88, 93, -43, 112, -92, -92]
[0, 0, 0, 0, 0, 0, 0, 0, 0, 0, 0, 0, 0, 0, 0, 0, 2, -126, 115, -53, -2, 109, -22, 44, -17, 56]
[0, 0, 0, 0, 0, 0, 0, 0, 0, 0, 0, 0, 0, 0, 0, 0, 2, -125, 47, 100, 2, -125, 44, -68, 52, 28]
[0, 0, 0, 0, 0, 0, 0, 0, 0, 0, 0, 0, 0, 0, 0, 0, 2, -124, 87, 79, -39, 81, 93, -9, -65, 61]
[0, 0, 0, 0, 0, 0, 0, 0, 0, 0, 0, 0, 0, 0, 0, 0, 2, -123, 50, 73, 76, -94, 94, 47, -14, 109]
[0, 0, 0, 0, 0, 0, 0, 0, 0, 0, 0, 0, 0, 0, 0, 0, 2, -122, 115, 122, 59, 117, 109, -51, -26, -89]
[0, 0, 0, 0, 0, 0, 0, 0, 0, 0, 0, 0, 0, 0, 0, 0, 2, -121, 21, 55, 82, 19, -57, -80, -43, 104]
[0, 0, 0, 0, 0, 0, 0, 0, 0, 0, 0, 0, 0, 0, 0, 0, 2, -120, 73, 50, -77, -123, 28, -43, -23, 118]
[0, 0, 0, 0, 0, 0, 0, 0, 0, 0, 0, 0, 0, 0, 0, 0, 2, -119, 122, 55, -45, 42, -56, -56, 21, -83]
[0, 0, 0, 0, 0, 0, 0, 0, 0, 0, 0, 0, 0, 0, 0, 0, 2, -118, -17, -122, -68, -89, -51, 121, 97, -98]
[0, 0, 0, 0, 0, 0, 0, 0, 0, 0, 0, 0, 0, 0, 0, 0, 2, -117, -88, -20, -14, 118, 56, -60, -101, -9]
[0, 0, 0, 0, 0, 0, 0, 0, 0, 0, 0, 0, 0, 0, 0, 0, 2, -116, 88, 74, -105, 61, -123, 94, 70, 21]
[0, 0, 0, 0, 0, 0, 0, 0, 0, 0, 0, 0, 0, 0, 0, 0, 2, -115, 21, -3, 121, -53, 42, -98, -104, 82]
[0, 0, 0, 0, 0, 0, 0, 0, 0, 0, 0, 0, 0, 0, 0, 0, 2, -114, -14, -94, -116, -92, -89, 103, -71, -92]
[0, 0, 0, 0, 0, 0, 0, 0, 0, 0, 0, 0, 0, 0, 0, 0, 2, -113, -3, -95, 41, 122, 37, 73, 25, 47]
[0, 0, 0, 0, 0, 0, 0, 0, 0, 0, 0, 0, 0, 0, 0, 0, 2, -112, 37, 1, -80, -104, -99, -71, 42, -99]
[0, 0, 0, 0, 0, 0, 0, 0, 0, 0, 0, 0, 0, 0, 0, 0, 2, -111, 110, -5, -60, -51, -45, -29, 50, -128]
[0, 0, 0, 0, 0, 0, 0, 0, 0, 0, 0, 0, 0, 0, 0, 0, 2, -110, -39, -105, 32, 7, 11, 37, -105, 16]
[0, 0, 0, 0, 0, 0, 0, 0, 0, 0, 0, 0, 0, 0, 0, 0, 2, -109, -45, -5, -92, 37, -92, -110, -119, -45]
[0, 0, 0, 0, 0, 0, 0, 0, 0, 0, 0, 0, 0, 0, 0, 0, 2, -108, 7, 76, 59, -68, -111, -92, 118, -23]
[0, 0, 0, 0, 0, 0, 0, 0, 0, 0, 0, 0, 0, 0, 0, 0, 2, -107, -108, 127, -82, -60, 103, -77, -12, 8]
[0, 0, 0, 0, 0, 0, 0, 0, 0, 0, 0, 0, 0, 0, 0, 0, 2, -106, -80, 22, -122, 35, -63, -17, -50, 94]
[0, 0, 0, 0, 0, 0, 0, 0, 0, 0, 0, 0, 0, 0, 0, 0, 2, -105, 112, -26, 104, -98, -82, -99, -65, -38]
[0, 0, 0, 0, 0, 0, 0, 0, 0, 0, 0, 0, 0, 0, 0, 0, 2, -104, 124, -20, 14, -9, -118, -82, 97, -75]
[0, 0, 0, 0, 0, 0, 0, 0, 0, 0, 0, 0, 0, 0, 0, 0, 2, -103, -65, 110, -14, -56, 14, -110, -118, 104]
[0, 0, 0, 0, 0, 0, 0, 0, 0, 0, 0, 0, 0, 0, 0, 0, 2, -102, 14, 87, 97, 84, -3, -17, 56, -128]
[0, 0, 0, 0, 0, 0, 0, 0, 0, 0, 0, 0, 0, 0, 0, 0, 2, -101, -80, 112, -63, -33, -43, -83, -95, -68]
[0, 0, 0, 0, 0, 0, 0, 0, 0, 0, 0, 0, 0, 0, 0, 0, 2, -100, 28, -50, 115, -113, 32, 19, -42, 73]
[0, 0, 0, 0, 0, 0, 0, 0, 0, 0, 0, 0, 0, 0, 0, 0, 2, -99, -80, 8, -2, -89, 110, 47, 109, 67]
[0, 0, 0, 0, 0, 0, 0, 0, 0, 0, 0, 0, 0, 0, 0, 0, 2, -98, -3, -128, -85, 127, 52, -56, -123, 44]
[0, 0, 0, 0, 0, 0, 0, 0, 0, 0, 0, 0, 0, 0, 0, 0, 2, -97, -75, -99, 94, -77, -104, 55, 4, -39]
[0, 0, 0, 0, 0, 0, 0, 0, 0, 0, 0, 0, 0, 0, 0, 0, 2, -96, 104, -43, -89, 112, 25, 59, -33, 11]
[0, 0, 0, 0, 0, 0, 0, 0, 0, 0, 0, 0, 0, 0, 0, 0, 2, -95, -51, 8, 100, -98, -89, -80, 122, -53]
[0, 0, 0, 0, 0, 0, 0, 0, 0, 0, 0, 0, 0, 0, 0, 0, 2, -94, 13, 62, -99, 107, 19, 103, -27, 82]
[0, 0, 0, 0, 0, 0, 0, 0, 0, 0, 0, 0, 0, 0, 0, 0, 2, -93, -74, -101, 38, -104, 32, -128, 16, 79]
[0, 0, 0, 0, 0, 0, 0, 0, 0, 0, 0, 0, 0, 0, 0, 0, 2, -92, 109, -77, -119, -51, 50, 19, 13, -56]
[0, 0, 0, 0, 0, 0, 0, 0, 0, 0, 0, 0, 0, 0, 0, 0, 2, -91, -125, -75, 50, -39, -8, 26, -50, 55]
[0, 0, 0, 0, 0, 0, 0, 0, 0, 0, 0, 0, 0, 0, 0, 0, 2, -90, -123, 88, 103, 8, 16, -118, 117, 69]
[0, 0, 0, 0, 0, 0, 0, 0, 0, 0, 0, 0, 0, 0, 0, 0, 2, -89, 13, 115, -118, 100, -108, 97, 21, -43]
[0, 0, 0, 0, 0, 0, 0, 0, 0, 0, 0, 0, 0, 0, 0, 0, 2, -88, -20, 47, 26, 100, -33, 7, -128, 47]
[0, 0, 0, 0, 0, 0, 0, 0, 0, 0, 0, 0, 0, 0, 0, 0, 2, -87, 25, -38, 19, -57, 31, 55, 32, 88]
[0, 0, 0, 0, 0, 0, 0, 0, 0, 0, 0, 0, 0, 0, 0, 0, 2, -86, -43, 64, -83, -113, 11, 52, 107, 52]
[0, 0, 0, 0, 0, 0, 0, 0, 0, 0, 0, 0, 0, 0, 0, 0, 2, -85, 93, 32, 117, -51, 25, 81, -123, 61]
[0, 0, 0, 0, 0, 0, 0, 0, 0, 0, 0, 0, 0, 0, 0, 0, 2, -84, -42, -43, 73, 115, -70, 103, -123, -110]
[0, 0, 0, 0, 0, 0, 0, 0, 0, 0, 0, 0, 0, 0, 0, 0, 2, -83, 104, 81, 56, -82, 124, 73, -51, 35]
[0, 0, 0, 0, 0, 0, 0, 0, 0, 0, 0, 0, 0, 0, 0, 0, 2, -82, 16, 124, 37, 32, 127, -113, 74, 19]
[0, 0, 0, 0, 0, 0, 0, 0, 0, 0, 0, 0, 0, 0, 0, 0, 2, -81, -125, 127, 49, 22, 121, -32, 84, 31]
[0, 0, 0, 0, 0, 0, 0, 0, 0, 0, 0, 0, 0, 0, 0, 0, 2, -80, -2, 81, -5, 14, 44, -39, 4, 64]
[0, 0, 0, 0, 0, 0, 0, 0, 0, 0, 0, 0, 0, 0, 0, 0, 2, -79, -43, -80, 49, -85, -53, 87, -75, -123]
[0, 0, 0, 0, 0, 0, 0, 0, 0, 0, 0, 0, 0, 0, 0, 0, 2, -78, 16, -108, 97, 52, 62, 118, 61, -111]
[0, 0, 0, 0, 0, 0, 0, 0, 0, 0, 0, 0, 0, 0, 0, 0, 2, -77, 14, 21, -70, -70, -22, -45, -57, 82]
[0, 0, 0, 0, 0, 0, 0, 0, 0, 0, 0, 0, 0, 0, 0, 0, 2, -76, 74, -65, 91, -45, -99, 109, 14, 97]
[0, 0, 0, 0, 0, 0, 0, 0, 0, 0, 0, 0, 0, 0, 0, 0, 2, -75, -80, -92, -110, 47, 44, 127, -128, 41]
[0, 0, 0, 0, 0, 0, 0, 0, 0, 0, 0, 0, 0, 0, 0, 0, 2, -74, -77, 97, 79, -118, -85, 8, -39, -45]
[0, 0, 0, 0, 0, 0, 0, 0, 0, 0, 0, 0, 0, 0, 0, 0, 2, -73, 25, -125, -75, 104, 74, 13, -82, 61]
[0, 0, 0, 0, 0, 0, 0, 0, 0, 0, 0, 0, 0, 0, 0, 0, 2, -72, 22, 91, -128, -128, -92, -26, 79, 115]
[0, 0, 0, 0, 0, 0, 0, 0, 0, 0, 0, 0, 0, 0, 0, 0, 2, -71, -85, 56, -51, -83, -113, -9, -3, -9]
[0, 0, 0, 0, 0, 0, 0, 0, 0, 0, 0, 0, 0, 0, 0, 0, 2, -70, 94, -125, 88, -92, 73, -77, -36, 69]
[0, 0, 0, 0, 0, 0, 0, 0, 0, 0, 0, 0, 0, 0, 0, 0, 2, -69, -74, 38, 88, -111, -38, 47, -60, 69]
[0, 0, 0, 0, 0, 0, 0, 0, 0, 0, 0, 0, 0, 0, 0, 0, 2, -68, 104, 73, -99, 21, -128, -32, -23, 56]
[0, 0, 0, 0, 0, 0, 0, 0, 0, 0, 0, 0, 0, 0, 0, 0, 2, -67, -101, -3, 73, 107, 109, -74, 69, -104]
[0, 0, 0, 0, 0, 0, 0, 0, 0, 0, 0, 0, 0, 0, 0, 0, 2, -66, -53, 107, 14, -26, 73, 35, 79, 109]
[0, 0, 0, 0, 0, 0, 0, 0, 0, 0, 0, 0, 0, 0, 0, 0, 2, -65, 117, 91, 55, -83, -15, -36, 4, -83]
[0, 0, 0, 0, 0, 0, 0, 0, 0, 0, 0, 0, 0, 0, 0, 0, 2, -64, -45, -92, 73, -48, 94, -118, -32, 70]
[0, 0, 0, 0, 0, 0, 0, 0, 0, 0, 0, 0, 0, 0, 0, 0, 2, -63, -122, 2, -9, 50, 112, 88, -74, 97]
[0, 0, 0, 0, 0, 0, 0, 0, 0, 0, 0, 0, 0, 0, 0, 0, 2, -62, 1, -26, -88, 98, -38, -42, 100, 69]
[0, 0, 0, 0, 0, 0, 0, 0, 0, 0, 0, 0, 0, 0, 0, 0, 2, -61, 104, -68, -104, 35, 109, -85, -8, 117]
[0, 0, 0, 0, 0, 0, 0, 0, 0, 0, 0, 0, 0, 0, 0, 0, 2, -60, -39, -125, -95, 47, 47, -62, 47, 121]
[0, 0, 0, 0, 0, 0, 0, 0, 0, 0, 0, 0, 0, 0, 0, 0, 2, -59, -17, 79, 8, 35, 74, 7, 87, 121]
[0, 0, 0, 0, 0, 0, 0, 0, 0, 0, 0, 0, 0, 0, 0, 0, 2, -58, -42, -105, 69, 42, 35, 21, -75, 41]
[0, 0, 0, 0, 0, 0, 0, 0, 0, 0, 0, 0, 0, 0, 0, 0, 2, -57, -8, -70, 121, -3, -22, 110, 82, 4]
[0, 0, 0, 0, 0, 0, 0, 0, 0, 0, 0, 0, 0, 0, 0, 0, 2, -56, 121, 124, -43, 109, -95, -105, 4, -56]
[0, 0, 0, 0, 0, 0, 0, 0, 0, 0, 0, 0, 0, 0, 0, 0, 2, -55, -123, 37, -125, 52, 115, -113, 2, 104]
[0, 0, 0, 0, 0, 0, 0, 0, 0, 0, 0, 0, 0, 0, 0, 0, 2, -54, 37, -113, -95, 70, -53, 70, 47, 1]
[0, 0, 0, 0, 0, 0, 0, 0, 0, 0, 0, 0, 0, 0, 0, 0, 2, -53, 73, -101, 109, -108, -20, -20, -33, 69]
[0, 0, 0, 0, 0, 0, 0, 0, 0, 0, 0, 0, 0, 0, 0, 0, 2, -52, 25, 38, 50, 61, 93, -43, -101, 118]
[0, 0, 0, 0, 0, 0, 0, 0, 0, 0, 0, 0, 0, 0, 0, 0, 2, -51, 122, 79, 88, 21, -56, -125, 82, 35]
[0, 0, 0, 0, 0, 0, 0, 0, 0, 0, 0, 0, 0, 0, 0, 0, 2, -50, -105, 93, -3, -39, 1, -14, 13, -83]
[0, 0, 0, 0, 0, 0, 0, 0, 0, 0, 0, 0, 0, 0, 0, 0, 2, -49, 16, 98, -29, 61, -98, 4, 38, 73]
[0, 0, 0, 0, 0, 0, 0, 0, 0, 0, 0, 0, 0, 0, 0, 0, 2, -48, 14, -60, -9, 16, -12, 28, 82, 47]
[0, 0, 0, 0, 0, 0, 0, 0, 0, 0, 0, 0, 0, 0, 0, 0, 2, -47, 50, -71, -104, -77, 16, 91, -63, 47]
[0, 0, 0, 0, 0, 0, 0, 0, 0, 0, 0, 0, 0, 0, 0, 0, 2, -46, -39, 67, 94, 16, 124, -39, 31, -17]
[0, 0, 0, 0, 0, 0, 0, 0, 0, 0, 0, 0, 0, 0, 0, 0, 2, -45, 76, 110, 26, 84, -89, -65, -125, 59]
[0, 0, 0, 0, 0, 0, 0, 0, 0, 0, 0, 0, 0, 0, 0, 0, 2, -44, -38, -104, -116, -17, 84, -65, 59, -5]
[0, 0, 0, 0, 0, 0, 0, 0, 0, 0, 0, 0, 0, 0, 0, 0, 2, -43, 16, 117, -38, -80, -98, -20, 35, -118]
[0, 0, 0, 0, 0, 0, 0, 0, 0, 0, 0, 0, 0, 0, 0, 0, 2, -42, 42, 8, 55, -57, 25, 74, 70, -101]
[0, 0, 0, 0, 0, 0, 0, 0, 0, 0, 0, 0, 0, 0, 0, 0, 2, -41, 37, 73, -27, 82, 121, 61, 61, -65]
[0, 0, 0, 0, 0, 0, 0, 0, 0, 0, 0, 0, 0, 0, 0, 0, 2, -40, -70, 112, 115, -89, 35, -98, -101, -23]
[0, 0, 0, 0, 0, 0, 0, 0, 0, 0, 0, 0, 0, 0, 0, 0, 2, -39, -39, 14, -85, 52, 50, -118, -26, 14]
[0, 0, 0, 0, 0, 0, 0, 0, 0, 0, 0, 0, 0, 0, 0, 0, 2, -38, 22, 56, 103, 41, 1, -17, -33, 19]
[0, 0, 0, 0, 0, 0, 0, 0, 0, 0, 0, 0, 0, 0, 0, 0, 2, -37, -94, 91, 73, -22, 122, -75, -56, -43]
[0, 0, 0, 0, 0, 0, 0, 0, 0, 0, 0, 0, 0, 0, 0, 0, 2, -36, 67, -26, 103, -32, -85, 47, 8, -62]
[0, 0, 0, 0, 0, 0, 0, 0, 0, 0, 0, 0, 0, 0, 0, 0, 2, -35, 42, -29, 84, -22, 127, -8, 70, -45]
[0, 0, 0, 0, 0, 0, 0, 0, 0, 0, 0, 0, 0, 0, 0, 0, 2, -34, -57, 103, -45, 35, -42, -15, 100, 74]
[0, 0, 0, 0, 0, 0, 0, 0, 0, 0, 0, 0, 0, 0, 0, 0, 2, -33, -118, -77, 47, 4, -74, -68, 82, 109]
[0, 0, 0, 0, 0, 0, 0, 0, 0, 0, 0, 0, 0, 0, 0, 0, 2, -32, 127, 115, 127, 37, 93, -5, 73, -83]
[0, 0, 0, 0, 0, 0, 0, 0, 0, 0, 0, 0, 0, 0, 0, 0, 2, -31, -3, -53, -9, -118, 41, 13, -104, 94]
[0, 0, 0, 0, 0, 0, 0, 0, 0, 0, 0, 0, 0, 0, 0, 0, 2, -30, 32, -57, 73, -23, 127, -39, -99, 81]
[0, 0, 0, 0, 0, 0, 0, 0, 0, 0, 0, 0, 0, 0, 0, 0, 2, -29, 124, 121, 55, 118, 93, 25, -27, 11]
[0, 0, 0, 0, 0, 0, 0, 0, 0, 0, 0, 0, 0, 0, 0, 0, 2, -28, 97, -36, 31, -89, -88, -83, -74, -110]
[0, 0, 0, 0, 0, 0, 0, 0, 0, 0, 0, 0, 0, 0, 0, 0, 2, -27, 14, 73, -23, 32, -22, 81, -94, -42]
[0, 0, 0, 0, 0, 0, 0, 0, 0, 0, 0, 0, 0, 0, 0, 0, 2, -26, 103, -60, 32, 74, 21, 16, -89, -38]
[0, 0, 0, 0, 0, 0, 0, 0, 0, 0, 0, 0, 0, 0, 0, 0, 2, -25, -71, -99, -101, 104, -15, 26, 55, -92]
[0, 0, 0, 0, 0, 0, 0, 0, 0, 0, 0, 0, 0, 0, 0, 0, 2, -24, 7, -75, -77, 97, 8, -116, -38, 74]
[0, 0, 0, 0, 0, 0, 0, 0, 0, 0, 0, 0, 0, 0, 0, 0, 2, -23, 62, 56, 4, -82, -99, 22, -122, 55]
[0, 0, 0, 0, 0, 0, 0, 0, 0, 0, 0, 0, 0, 0, 0, 0, 2, -22, 2, -5, -110, -32, -8, 103, -89, 37]
[0, 0, 0, 0, 0, 0, 0, 0, 0, 0, 0, 0, 0, 0, 0, 0, 2, -21, 41, -119, 93, -65, -119, 38, 22, 115]
[0, 0, 0, 0, 0, 0, 0, 0, 0, 0, 0, 0, 0, 0, 0, 0, 2, -20, 21, 87, -33, 64, 42, 14, -74, -27]
[0, 0, 0, 0, 0, 0, 0, 0, 0, 0, 0, 0, 0, 0, 0, 0, 2, -19, -65, -23, 103, 25, -20, -53, 103, -22]
[0, 0, 0, 0, 0, 0, 0, 0, 0, 0, 0, 0, 0, 0, 0, 0, 2, -18, 61, -101, -8, 100, -53, 81, -108, -29]
[0, 0, 0, 0, 0, 0, 0, 0, 0, 0, 0, 0, 0, 0, 0, 0, 2, -17, -36, 42, 22, -39, 35, -71, -108, -48]
[0, 0, 0, 0, 0, 0, 0, 0, 0, 0, 0, 0, 0, 0, 0, 0, 2, -16, 122, -113, 84, 107, -110, -62, -98, -122]
[0, 0, 0, 0, 0, 0, 0, 0, 0, 0, 0, 0, 0, 0, 0, 0, 2, -15, 21, 94, -23, -68, -56, -3, 82, 121]
[0, 0, 0, 0, 0, 0, 0, 0, 0, 0, 0, 0, 0, 0, 0, 0, 2, -14, 69, 61, -60, -74, 25, 38, -99, -57]
[0, 0, 0, 0, 0, 0, 0, 0, 0, 0, 0, 0, 0, 0, 0, 0, 2, -13, -33, 115, -43, 93, -116, 91, 107, 127]
[0, 0, 0, 0, 0, 0, 0, 0, 0, 0, 0, 0, 0, 0, 0, 0, 2, -12, 104, 13, 32, 32, 88, 64, -53, 97]
[0, 0, 0, 0, 0, 0, 0, 0, 0, 0, 0, 0, 0, 0, 0, 0, 2, -11, -42, 69, 47, 97, 97, 84, 55, 21]
[0, 0, 0, 0, 0, 0, 0, 0, 0, 0, 0, 0, 0, 0, 0, 0, 2, -10, -125, 64, 69, -9, -65, -88, -122, 127]
[0, 0, 0, 0, 0, 0, 0, 0, 0, 0, 0, 0, 0, 0, 0, 0, 2, -9, 49, 41, -119, -118, -32, 76, 107, -38]
[0, 0, 0, 0, 0, 0, 0, 0, 0, 0, 0, 0, 0, 0, 0, 0, 2, -8, 104, 127, -105, 79, 127, 98, 103, 50]
[0, 0, 0, 0, 0, 0, 0, 0, 0, 0, 0, 0, 0, 0, 0, 0, 2, -7, 122, 42, -71, -14, -5, 98, -105, -33]
[0, 0, 0, 0, 0, 0, 0, 0, 0, 0, 0, 0, 0, 0, 0, 0, 2, -6, -94, 4, -23, -82, 124, -108, 28, 19]
[0, 0, 0, 0, 0, 0, 0, 0, 0, 0, 0, 0, 0, 0, 0, 0, 2, -5, -123, 1, 8, 50, -48, 49, -88, 16]
[0, 0, 0, 0, 0, 0, 0, 0, 0, 0, 0, 0, 0, 0, 0, 0, 2, -4, 110, 104, 109, 118, 32, 67, 100, -60]
[0, 0, 0, 0, 0, 0, 0, 0, 0, 0, 0, 0, 0, 0, 0, 0, 2, -3, 70, 42, -89, 4, -75, 91, 42, -12]
[0, 0, 0, 0, 0, 0, 0, 0, 0, 0, 0, 0, 0, 0, 0, 0, 2, -2, -38, -99, 109, 8, 28, 81, -53, -2]
[0, 0, 0, 0, 0, 0, 0, 0, 0, 0, 0, 0, 0, 0, 0, 0, 2, -1, -32, -17, 21, 118, 122, -29, 73, -65]
[0, 0, 0, 0, 0, 0, 0, 0, 0, 0, 0, 0, 0, 0, 0, 0, 3, 0, 19, 52, 122, -20, -89, 121, -45, -60]
[0, 0, 0, 0, 0, 0, 0, 0, 0, 0, 0, 0, 0, 0, 0, 0, 3, 1, 31, 98, 38, 127, 94, 64, 41, 56]
[0, 0, 0, 0, 0, 0, 0, 0, 0, 0, 0, 0, 0, 0, 0, 0, 3, 2, 55, 19, -17, 13, -77, -85, -116, 91]
[0, 0, 0, 0, 0, 0, 0, 0, 0, 0, 0, 0, 0, 0, 0, 0, 3, 3, 31, 56, -98, 13, 13, 55, 94, 100]
[0, 0, 0, 0, 0, 0, 0, 0, 0, 0, 0, 0, 0, 0, 0, 0, 3, 4, 73, -110, 52, -110, -42, 118, -38, 88]
[0, 0, 0, 0, 0, 0, 0, 0, 0, 0, 0, 0, 0, 0, 0, 0, 3, 5, -125, 117, 109, -95, -119, 41, -27, 118]
[0, 0, 0, 0, 0, 0, 0, 0, 0, 0, 0, 0, 0, 0, 0, 0, 3, 6, 62, -12, -43, 8, -75, 32, 93, 50]
[0, 0, 0, 0, 0, 0, 0, 0, 0, 0, 0, 0, 0, 0, 0, 0, 3, 7, 94, -119, -48, -56, -71, 109, -68, -92]
[0, 0, 0, 0, 0, 0, 0, 0, 0, 0, 0, 0, 0, 0, 0, 0, 3, 8, -104, 74, 56, -56, -119, 47, 44, 35]
[0, 0, 0, 0, 0, 0, 0, 0, 0, 0, 0, 0, 0, 0, 0, 0, 3, 9, -119, -94, -123, -45, 122, -27, -89, -122]
[0, 0, 0, 0, 0, 0, 0, 0, 0, 0, 0, 0, 0, 0, 0, 0, 3, 10, -116, -62, 107, -82, -39, -65, 91, 61]
[0, 0, 0, 0, 0, 0, 0, 0, 0, 0, 0, 0, 0, 0, 0, 0, 3, 11, 64, -14, -8, -56, 37, -92, 8, 19]
[0, 0, 0, 0, 0, 0, 0, 0, 0, 0, 0, 0, 0, 0, 0, 0, 3, 12, 16, 69, -12, 64, 44, 8, -122, -89]
[0, 0, 0, 0, 0, 0, 0, 0, 0, 0, 0, 0, 0, 0, 0, 0, 3, 13, -22, 47, 1, -99, -20, -3, -65, 93]
[0, 0, 0, 0, 0, 0, 0, 0, 0, 0, 0, 0, 0, 0, 0, 0, 3, 14, -83, -113, 110, -99, 82, -110, 98, -14]
[0, 0, 0, 0, 0, 0, 0, 0, 0, 0, 0, 0, 0, 0, 0, 0, 3, 15, -43, 1, -14, 52, 104, -83, -51, -99]
[0, 0, 0, 0, 0, 0, 0, 0, 0, 0, 0, 0, 0, 0, 0, 0, 3, 16, 50, -9, 70, 79, -105, 2, 121, -65]
[0, 0, 0, 0, 0, 0, 0, 0, 0, 0, 0, 0, 0, 0, 0, 0, 3, 17, -82, 16, -48, -99, 44, 93, -74, -9]
[0, 0, 0, 0, 0, 0, 0, 0, 0, 0, 0, 0, 0, 0, 0, 0, 3, 18, -56, 55, -110, 62, -65, 110, -99, -65]
[0, 0, 0, 0, 0, 0, 0, 0, 0, 0, 0, 0, 0, 0, 0, 0, 3, 19, -122, 122, 79, -123, 8, 62, -116, -62]
[0, 0, 0, 0, 0, 0, 0, 0, 0, 0, 0, 0, 0, 0, 0, 0, 3, 20, -27, -83, -51, 122, 79, 124, 41, -85]
[0, 0, 0, 0, 0, 0, 0, 0, 0, 0, 0, 0, 0, 0, 0, 0, 3, 21, -63, 32, -51, -26, -32, 81, 74, 87]
[0, 0, 0, 0, 0, 0, 0, 0, 0, 0, 0, 0, 0, 0, 0, 0, 3, 22, 42, -5, -60, -83, -9, -101, 35, -38]
[0, 0, 0, 0, 0, 0, 0, 0, 0, 0, 0, 0, 0, 0, 0, 0, 3, 23, -68, 56, -110, 93, -94, -83, -60, -83]
[0, 0, 0, 0, 0, 0, 0, 0, 0, 0, 0, 0, 0, 0, 0, 0, 3, 24, -17, 1, 82, 8, 56, 22, 4, -9]
[0, 0, 0, 0, 0, 0, 0, 0, 0, 0, 0, 0, 0, 0, 0, 0, 3, 25, -116, -65, 81, -108, -94, -94, -63, -122]
[0, 0, 0, 0, 0, 0, 0, 0, 0, 0, 0, 0, 0, 0, 0, 0, 3, 26, -8, -51, -15, 110, -39, 91, 25, -38]
[0, 0, 0, 0, 0, 0, 0, 0, 0, 0, 0, 0, 0, 0, 0, 0, 3, 27, 26, 127, 1, -92, 110, 8, 19, 19]
[0, 0, 0, 0, 0, 0, 0, 0, 0, 0, 0, 0, 0, 0, 0, 0, 3, 28, 118, 127, -75, 73, 73, 118, -5, 32]
[0, 0, 0, 0, 0, 0, 0, 0, 0, 0, 0, 0, 0, 0, 0, 0, 3, 29, 100, 21, 88, -9, 82, -75, 52, -14]
[0, 0, 0, 0, 0, 0, 0, 0, 0, 0, 0, 0, 0, 0, 0, 0, 3, 30, -77, 8, -5, -26, -56, -118, 98, -9]
[0, 0, 0, 0, 0, 0, 0, 0, 0, 0, 0, 0, 0, 0, 0, 0, 3, 31, 76, 117, 84, 98, -23, -22, -70, 93]
[0, 0, 0, 0, 0, 0, 0, 0, 0, 0, 0, 0, 0, 0, 0, 0, 3, 32, 32, 67, 61, 118, 14, -33, -53, 64]
[0, 0, 0, 0, 0, 0, 0, 0, 0, 0, 0, 0, 0, 0, 0, 0, 3, 33, -36, -38, 50, -80, -23, 94, -62, -62]
[0, 0, 0, 0, 0, 0, 0, 0, 0, 0, 0, 0, 0, 0, 0, 0, 3, 34, -94, -113, 104, -60, -39, -82, -108, -111]
[0, 0, 0, 0, 0, 0, 0, 0, 0, 0, 0, 0, 0, 0, 0, 0, 3, 35, 32, 84, 22, 67, -2, -2, -14, 76]
[0, 0, 0, 0, 0, 0, 0, 0, 0, 0, 0, 0, 0, 0, 0, 0, 3, 36, -85, -5, 50, -80, 42, 70, -122, -29]
[0, 0, 0, 0, 0, 0, 0, 0, 0, 0, 0, 0, 0, 0, 0, 0, 3, 37, -9, 62, 41, 115, 55, 13, 121, -82]
[0, 0, 0, 0, 0, 0, 0, 0, 0, 0, 0, 0, 0, 0, 0, 0, 3, 38, -105, 100, -113, 97, 55, -38, 13, -26]
[0, 0, 0, 0, 0, 0, 0, 0, 0, 0, 0, 0, 0, 0, 0, 0, 3, 39, 35, -128, 127, 107, 122, 122, -32, -98]
[0, 0, 0, 0, 0, 0, 0, 0, 0, 0, 0, 0, 0, 0, 0, 0, 3, 40, 28, -14, -71, -123, 59, 76, -48, 37]
[0, 0, 0, 0, 0, 0, 0, 0, 0, 0, 0, 0, 0, 0, 0, 0, 3, 41, -51, -105, -2, -68, -17, -92, 115, 81]
[0, 0, 0, 0, 0, 0, 0, 0, 0, 0, 0, 0, 0, 0, 0, 0, 3, 42, 93, -3, -39, 26, -17, 26, 8, -71]
[0, 0, 0, 0, 0, 0, 0, 0, 0, 0, 0, 0, 0, 0, 0, 0, 3, 43, -99, -85, -12, -5, 104, -119, 8, 2]
[0, 0, 0, 0, 0, 0, 0, 0, 0, 0, 0, 0, 0, 0, 0, 0, 3, 44, -92, 91, -36, -95, -116, -108, -36, 14]
[0, 0, 0, 0, 0, 0, 0, 0, 0, 0, 0, 0, 0, 0, 0, 0, 3, 45, -89, -3, -45, 115, 122, 104, -116, 81]
[0, 0, 0, 0, 0, 0, 0, 0, 0, 0, 0, 0, 0, 0, 0, 0, 3, 46, -105, 61, -63, 8, 76, 117, 91, 11]
[0, 0, 0, 0, 0, 0, 0, 0, 0, 0, 0, 0, 0, 0, 0, 0, 3, 47, -53, 121, 70, 61, 38, -128, 55, 70]
[0, 0, 0, 0, 0, 0, 0, 0, 0, 0, 0, 0, 0, 0, 0, 0, 3, 48, -89, -71, -89, 76, -62, -20, -27, -38]
[0, 0, 0, 0, 0, 0, 0, 0, 0, 0, 0, 0, 0, 0, 0, 0, 3, 49, 97, 62, 62, 82, -22, 28, -53, -71]
[0, 0, 0, 0, 0, 0, 0, 0, 0, 0, 0, 0, 0, 0, 0, 0, 3, 50, 56, 76, -70, -3, 61, -14, 70, -32]
[0, 0, 0, 0, 0, 0, 0, 0, 0, 0, 0, 0, 0, 0, 0, 0, 3, 51, 124, 100, -20, -56, 124, -27, -12, 59]
[0, 0, 0, 0, 0, 0, 0, 0, 0, 0, 0, 0, 0, 0, 0, 0, 3, 52, 42, 115, 74, 127, -82, -23, 94, 50]
[0, 0, 0, 0, 0, 0, 0, 0, 0, 0, 0, 0, 0, 0, 0, 0, 3, 53, -42, -99, 127, 26, 55, 26, -17, 69]
[0, 0, 0, 0, 0, 0, 0, 0, 0, 0, 0, 0, 0, 0, 0, 0, 3, 54, 82, 13, 109, -53, -99, -65, -80, -15]
[0, 0, 0, 0, 0, 0, 0, 0, 0, 0, 0, 0, 0, 0, 0, 0, 3, 55, 41, -82, -27, -3, -128, 74, -65, 110]
[0, 0, 0, 0, 0, 0, 0, 0, 0, 0, 0, 0, 0, 0, 0, 0, 3, 56, -20, -3, -22, -88, 61, -89, -29, -111]
[0, 0, 0, 0, 0, 0, 0, 0, 0, 0, 0, 0, 0, 0, 0, 0, 3, 57, 117, 115, 107, 107, -43, 121, 112, -75]
[0, 0, 0, 0, 0, 0, 0, 0, 0, 0, 0, 0, 0, 0, 0, 0, 3, 58, 74, 26, -116, -88, -43, -39, 73, -110]
[0, 0, 0, 0, 0, 0, 0, 0, 0, 0, 0, 0, 0, 0, 0, 0, 3, 59, -85, 70, -89, -74, 100, -101, 107, -63]
[0, 0, 0, 0, 0, 0, 0, 0, 0, 0, 0, 0, 0, 0, 0, 0, 3, 60, 1, 98, -123, -75, -26, -42, -48, 14]
[0, 0, 0, 0, 0, 0, 0, 0, 0, 0, 0, 0, 0, 0, 0, 0, 3, 61, -48, -51, 14, 26, 50, 55, -5, 44]
[0, 0, 0, 0, 0, 0, 0, 0, 0, 0, 0, 0, 0, 0, 0, 0, 3, 62, 2, -12, -94, -38, -82, 107, -3, -65]
[0, 0, 0, 0, 0, 0, 0, 0, 0, 0, 0, 0, 0, 0, 0, 0, 3, 63, 37, 4, 76, -108, -29, -51, -51, -2]
[0, 0, 0, 0, 0, 0, 0, 0, 0, 0, 0, 0, 0, 0, 0, 0, 3, 64, 124, -92, -5, -63, -122, 47, 62, -9]
[0, 0, 0, 0, 0, 0, 0, 0, 0, 0, 0, 0, 0, 0, 0, 0, 3, 65, 56, -122, -95, -38, 93, 67, 21, 31]
[0, 0, 0, 0, 0, 0, 0, 0, 0, 0, 0, 0, 0, 0, 0, 0, 3, 66, -92, -74, 88, -77, -33, 107, 26, 122]
[0, 0, 0, 0, 0, 0, 0, 0, 0, 0, 0, 0, 0, 0, 0, 0, 3, 67, 13, -71, 93, 103, 14, -26, 16, -75]
[0, 0, 0, 0, 0, 0, 0, 0, 0, 0, 0, 0, 0, 0, 0, 0, 3, 68, 69, -57, 117, -23, 84, -27, 98, 88]
[0, 0, 0, 0, 0, 0, 0, 0, 0, 0, 0, 0, 0, 0, 0, 0, 3, 69, 35, -125, 41, 82, -113, 124, -108, -74]
[0, 0, 0, 0, 0, 0, 0, 0, 0, 0, 0, 0, 0, 0, 0, 0, 3, 70, -125, 22, 98, 1, -39, -82, 87, -65]
[0, 0, 0, 0, 0, 0, 0, 0, 0, 0, 0, 0, 0, 0, 0, 0, 3, 71, 32, -101, -122, -60, -57, -33, 41, 117]
[0, 0, 0, 0, 0, 0, 0, 0, 0, 0, 0, 0, 0, 0, 0, 0, 3, 72, -101, -45, -77, 47, -75, -101, -12, 42]
[0, 0, 0, 0, 0, 0, 0, 0, 0, 0, 0, 0, 0, 0, 0, 0, 3, 73, -2, -22, -36, 32, -80, 124, -77, -89]
[0, 0, 0, 0, 0, 0, 0, 0, 0, 0, 0, 0, 0, 0, 0, 0, 3, 74, -43, 81, -99, -101, 8, 76, 41, -128]
[0, 0, 0, 0, 0, 0, 0, 0, 0, 0, 0, 0, 0, 0, 0, 0, 3, 75, 35, 104, -119, 115, 47, -23, 7, -88]
[0, 0, 0, 0, 0, 0, 0, 0, 0, 0, 0, 0, 0, 0, 0, 0, 3, 76, -122, 42, -2, 76, 97, -15, 13, 88]
[0, 0, 0, 0, 0, 0, 0, 0, 0, 0, 0, 0, 0, 0, 0, 0, 3, 77, -20, 98, 122, 67, -68, -71, -51, -42]
[0, 0, 0, 0, 0, 0, 0, 0, 0, 0, 0, 0, 0, 0, 0, 0, 3, 78, -60, -14, 13, -68, -62, 21, 117, 28]
[0, 0, 0, 0, 0, 0, 0, 0, 0, 0, 0, 0, 0, 0, 0, 0, 3, 79, -48, 25, -53, -22, 41, 35, -92, -39]
[0, 0, 0, 0, 0, 0, 0, 0, 0, 0, 0, 0, 0, 0, 0, 0, 3, 80, -56, 59, 7, 4, 7, 94, -48, 127]
[0, 0, 0, 0, 0, 0, 0, 0, 0, 0, 0, 0, 0, 0, 0, 0, 3, 81, 88, -74, -94, -128, 8, 81, 19, 14]
[0, 0, 0, 0, 0, 0, 0, 0, 0, 0, 0, 0, 0, 0, 0, 0, 3, 82, 8, 16, 64, -101, 28, 118, -113, -2]
[0, 0, 0, 0, 0, 0, 0, 0, 0, 0, 0, 0, 0, 0, 0, 0, 3, 83, 107, -62, -75, 2, 73, 76, -26, -50]
[0, 0, 0, 0, 0, 0, 0, 0, 0, 0, 0, 0, 0, 0, 0, 0, 3, 84, -71, 81, -111, 122, 91, -39, 50, -29]
[0, 0, 0, 0, 0, 0, 0, 0, 0, 0, 0, 0, 0, 0, 0, 0, 3, 85, -9, 79, -77, -101, -68, -57, -95, -110]
[0, 0, 0, 0, 0, 0, 0, 0, 0, 0, 0, 0, 0, 0, 0, 0, 3, 86, -63, -51, 14, 87, -118, 41, -85, 93]
[0, 0, 0, 0, 0, 0, 0, 0, 0, 0, 0, 0, 0, 0, 0, 0, 3, 87, 25, 109, -88, 64, -12, -14, -77, -17]
[0, 0, 0, 0, 0, 0, 0, 0, 0, 0, 0, 0, 0, 0, 0, 0, 3, 88, -39, -116, 14, 55, -122, -33, -62, 2]
[0, 0, 0, 0, 0, 0, 0, 0, 0, 0, 0, 0, 0, 0, 0, 0, 3, 89, -94, -33, 112, -65, 107, -3, -2, -80]
[0, 0, 0, 0, 0, 0, 0, 0, 0, 0, 0, 0, 0, 0, 0, 0, 3, 90, 87, -8, -29, 62, -95, -95, 88, 124]
[0, 0, 0, 0, 0, 0, 0, 0, 0, 0, 0, 0, 0, 0, 0, 0, 3, 91, 110, 2, 82, -48, 93, 13, 100, -33]
[0, 0, 0, 0, 0, 0, 0, 0, 0, 0, 0, 0, 0, 0, 0, 0, 3, 92, 70, -9, -38, 42, -9, 64, 107, 61]
[0, 0, 0, 0, 0, 0, 0, 0, 0, 0, 0, 0, 0, 0, 0, 0, 3, 93, 1, 88, 84, -3, -2, 31, -51, 56]
[0, 0, 0, 0, 0, 0, 0, 0, 0, 0, 0, 0, 0, 0, 0, 0, 3, 94, -39, 44, -14, -23, -80, -119, -118, -83]
[0, 0, 0, 0, 0, 0, 0, 0, 0, 0, 0, 0, 0, 0, 0, 0, 3, 95, -56, -122, 42, -2, 11, -42, -125, -27]
[0, 0, 0, 0, 0, 0, 0, 0, 0, 0, 0, 0, 0, 0, 0, 0, 3, 96, -29, 2, -50, 76, -89, 117, -9, -39]
[0, 0, 0, 0, 0, 0, 0, 0, 0, 0, 0, 0, 0, 0, 0, 0, 3, 97, -88, 19, -23, -65, -33, -70, -23, 11]
[0, 0, 0, 0, 0, 0, 0, 0, 0, 0, 0, 0, 0, 0, 0, 0, 3, 98, 94, -17, -63, -50, -22, -99, -82, -12]
[0, 0, 0, 0, 0, 0, 0, 0, 0, 0, 0, 0, 0, 0, 0, 0, 3, 99, 44, 121, 87, 84, -65, 62, -77, 13]
[0, 0, 0, 0, 0, 0, 0, 0, 0, 0, 0, 0, 0, 0, 0, 0, 3, 100, 14, -38, -50, -92, -33, 4, -15, 127]
[0, 0, 0, 0, 0, 0, 0, 0, 0, 0, 0, 0, 0, 0, 0, 0, 3, 101, -108, -105, -29, 37, -111, 22, 52, -27]
[0, 0, 0, 0, 0, 0, 0, 0, 0, 0, 0, 0, 0, 0, 0, 0, 3, 102, -45, -12, 14, -32, 70, 124, 41, 2]
[0, 0, 0, 0, 0, 0, 0, 0, 0, 0, 0, 0, 0, 0, 0, 0, 3, 103, 124, 38, -22, 91, 64, -110, 21, 69]
[0, 0, 0, 0, 0, 0, 0, 0, 0, 0, 0, 0, 0, 0, 0, 0, 3, 104, -51, -17, 124, -104, -113, 8, 112, 70]
[0, 0, 0, 0, 0, 0, 0, 0, 0, 0, 0, 0, 0, 0, 0, 0, 3, 105, 31, -74, 112, 70, -5, -36, 69, -26]
[0, 0, 0, 0, 0, 0, 0, 0, 0, 0, 0, 0, 0, 0, 0, 0, 3, 106, 112, -128, -108, -9, 93, -119, 121, -17]
[0, 0, 0, 0, 0, 0, 0, 0, 0, 0, 0, 0, 0, 0, 0, 0, 3, 107, -22, 28, -22, 76, 22, -116, -56, -60]
[0, 0, 0, 0, 0, 0, 0, 0, 0, 0, 0, 0, 0, 0, 0, 0, 3, 108, 98, -82, -38, -26, 64, 104, -32, 8]
[0, 0, 0, 0, 0, 0, 0, 0, 0, 0, 0, 0, 0, 0, 0, 0, 3, 109, -48, 70, -80, 70, 70, -80, -48, -26]
[0, 0, 0, 0, 0, 0, 0, 0, 0, 0, 0, 0, 0, 0, 0, 0, 3, 110, -56, -12, 11, 70, -39, 73, -104, -12]
[0, 0, 0, 0, 0, 0, 0, 0, 0, 0, 0, 0, 0, 0, 0, 0, 3, 111, 124, 88, -51, 73, 82, 94, 11, -119]
[0, 0, 0, 0, 0, 0, 0, 0, 0, 0, 0, 0, 0, 0, 0, 0, 3, 112, -32, 100, 13, 93, -88, -51, -50, 82]
[0, 0, 0, 0, 0, 0, 0, 0, 0, 0, 0, 0, 0, 0, 0, 0, 3, 113, 81, -75, -20, -57, -98, 13, 82, -68]
[0, 0, 0, 0, 0, 0, 0, 0, 0, 0, 0, 0, 0, 0, 0, 0, 3, 114, -80, 91, 93, -83, 93, -17, -14, 104]
[0, 0, 0, 0, 0, 0, 0, 0, 0, 0, 0, 0, 0, 0, 0, 0, 3, 115, -110, 91, -77, 62, -15, -95, -20, -42]
[0, 0, 0, 0, 0, 0, 0, 0, 0, 0, 0, 0, 0, 0, 0, 0, 3, 116, -98, 122, 8, -62, -71, 88, -88, 7]
[0, 0, 0, 0, 0, 0, 0, 0, 0, 0, 0, 0, 0, 0, 0, 0, 3, 117, 22, 94, 35, -88, 44, 79, -74, -33]
[0, 0, 0, 0, 0, 0, 0, 0, 0, 0, 0, 0, 0, 0, 0, 0, 3, 118, 124, 25, 14, -116, 50, 11, -38, -32]
[0, 0, 0, 0, 0, 0, 0, 0, 0, 0, 0, 0, 0, 0, 0, 0, 3, 119, 103, -119, -82, -70, -83, 19, -65, 59]
[0, 0, 0, 0, 0, 0, 0, 0, 0, 0, 0, 0, 0, 0, 0, 0, 3, 120, -38, -105, 14, -74, 52, 67, 100, 42]
[0, 0, 0, 0, 0, 0, 0, 0, 0, 0, 0, 0, 0, 0, 0, 0, 3, 121, 8, -122, 64, -65, -70, -38, 37, 93]
[0, 0, 0, 0, 0, 0, 0, 0, 0, 0, 0, 0, 0, 0, 0, 0, 3, 122, -88, -110, -99, -98, -36, -128, 16, 94]
[0, 0, 0, 0, 0, 0, 0, 0, 0, 0, 0, 0, 0, 0, 0, 0, 3, 123, -74, -56, 44, 50, 47, -42, -108, -111]
[0, 0, 0, 0, 0, 0, 0, 0, 0, 0, 0, 0, 0, 0, 0, 0, 3, 124, -9, 107, 1, 110, 28, 2, -51, 121]
[0, 0, 0, 0, 0, 0, 0, 0, 0, 0, 0, 0, 0, 0, 0, 0, 3, 125, -56, 8, -26, -12, 31, -39, 42, -2]
[0, 0, 0, 0, 0, 0, 0, 0, 0, 0, 0, 0, 0, 0, 0, 0, 3, 126, -8, 69, -50, 14, 117, -92, 21, 47]
[0, 0, 0, 0, 0, 0, 0, 0, 0, 0, 0, 0, 0, 0, 0, 0, 3, 127, -60, -105, -56, 73, 67, -98, 44, 64]
[0, 0, 0, 0, 0, 0, 0, 0, 0, 0, 0, 0, 0, 0, 0, 0, 3, -128, 69, 73, 28, 16, -5, -123, -45, 55]
[0, 0, 0, 0, 0, 0, 0, 0, 0, 0, 0, 0, 0, 0, 0, 0, 3, -127, -108, 97, 21, 4, -45, 88, -12, -43]
[0, 0, 0, 0, 0, 0, 0, 0, 0, 0, 0, 0, 0, 0, 0, 0, 3, -126, -75, 110, 103, 52, 32, -99, 87, -125]
[0, 0, 0, 0, 0, 0, 0, 0, 0, 0, 0, 0, 0, 0, 0, 0, 3, -125, 50, -85, -53, -62, 93, 112, 52, -89]
[0, 0, 0, 0, 0, 0, 0, 0, 0, 0, 0, 0, 0, 0, 0, 0, 3, -124, -5, 94, -20, 74, 104, 26, 25, 31]
[0, 0, 0, 0, 0, 0, 0, 0, 0, 0, 0, 0, 0, 0, 0, 0, 3, -123, 110, 47, 55, 97, -110, -119, 115, 81]
[0, 0, 0, 0, 0, 0, 0, 0, 0, 0, 0, 0, 0, 0, 0, 0, 3, -122, -12, 16, 19, -128, -75, -20, 67, 117]
[0, 0, 0, 0, 0, 0, 0, 0, 0, 0, 0, 0, 0, 0, 0, 0, 3, -121, 1, -119, -38, -51, -77, 16, 16, -82]
[0, 0, 0, 0, 0, 0, 0, 0, 0, 0, 0, 0, 0, 0, 0, 0, 3, -120, 44, 73, 13, 88, 55, -5, -98, -3]
[0, 0, 0, 0, 0, 0, 0, 0, 0, 0, 0, 0, 0, 0, 0, 0, 3, -119, -65, 35, 103, 91, -68, -128, 41, -53]
[0, 0, 0, 0, 0, 0, 0, 0, 0, 0, 0, 0, 0, 0, 0, 0, 3, -118, 107, -128, -99, 32, 38, -94, -77, 52]
[0, 0, 0, 0, 0, 0, 0, 0, 0, 0, 0, 0, 0, 0, 0, 0, 3, -117, 55, -125, 62, 21, -104, -99, -15, 107]
[0, 0, 0, 0, 0, 0, 0, 0, 0, 0, 0, 0, 0, 0, 0, 0, 3, -116, 103, -39, -128, 97, -89, 104, -89, -17]
[0, 0, 0, 0, 0, 0, 0, 0, 0, 0, 0, 0, 0, 0, 0, 0, 3, -115, 22, 31, 67, -123, 70, -118, -9, 49]
[0, 0, 0, 0, 0, 0, 0, 0, 0, 0, 0, 0, 0, 0, 0, 0, 3, -114, -3, 7, 84, 49, 38, -39, -75, 70]
[0, 0, 0, 0, 0, 0, 0, 0, 0, 0, 0, 0, 0, 0, 0, 0, 3, -113, -85, 104, 62, -119, 44, 107, -85, 67]
[0, 0, 0, 0, 0, 0, 0, 0, 0, 0, 0, 0, 0, 0, 0, 0, 3, -112, -14, 42, -125, -60, -32, -3, 91, 88]
[0, 0, 0, 0, 0, 0, 0, 0, 0, 0, 0, 0, 0, 0, 0, 0, 3, -111, -99, -68, 56, 97, -17, 4, -75, -128]
[0, 0, 0, 0, 0, 0, 0, 0, 0, 0, 0, 0, 0, 0, 0, 0, 3, -110, 59, 35, -50, 122, -9, -108, -108, -65]
[0, 0, 0, 0, 0, 0, 0, 0, 0, 0, 0, 0, 0, 0, 0, 0, 3, -109, -53, -116, -12, -123, -85, 82, 35, 107]
[0, 0, 0, 0, 0, 0, 0, 0, 0, 0, 0, 0, 0, 0, 0, 0, 3, -108, 110, 42, -123, -8, 73, 56, -98, 124]
[0, 0, 0, 0, 0, 0, 0, 0, 0, 0, 0, 0, 0, 0, 0, 0, 3, -107, -51, -43, 61, -48, 21, 31, 79, 112]
[0, 0, 0, 0, 0, 0, 0, 0, 0, 0, 0, 0, 0, 0, 0, 0, 3, -106, 110, 93, 4, -43, -26, -85, -12, -116]
[0, 0, 0, 0, 0, 0, 0, 0, 0, 0, 0, 0, 0, 0, 0, 0, 3, -105, -48, 42, -95, 61, -5, 56, 91, -94]
[0, 0, 0, 0, 0, 0, 0, 0, 0, 0, 0, 0, 0, 0, 0, 0, 3, -104, 52, -45, -12, -119, 56, -119, -27, 16]
[0, 0, 0, 0, 0, 0, 0, 0, 0, 0, 0, 0, 0, 0, 0, 0, 3, -103, 112, -89, -15, -53, 64, -56, 1, -70]
[0, 0, 0, 0, 0, 0, 0, 0, 0, 0, 0, 0, 0, 0, 0, 0, 3, -102, 42, 88, -17, -14, 112, 73, -95, 103]
[0, 0, 0, 0, 0, 0, 0, 0, 0, 0, 0, 0, 0, 0, 0, 0, 3, -101, -71, -74, -9, -75, -99, -14, -122, 127]
[0, 0, 0, 0, 0, 0, 0, 0, 0, 0, 0, 0, 0, 0, 0, 0, 3, -100, -14, -20, -95, 55, -53, -42, -111, -125]
[0, 0, 0, 0, 0, 0, 0, 0, 0, 0, 0, 0, 0, 0, 0, 0, 3, -99, 44, 42, -20, 62, 19, -62, -27, 64]
[0, 0, 0, 0, 0, 0, 0, 0, 0, 0, 0, 0, 0, 0, 0, 0, 3, -98, -63, 35, -89, 74, -23, 67, 112, 110]
[0, 0, 0, 0, 0, 0, 0, 0, 0, 0, 0, 0, 0, 0, 0, 0, 3, -97, -17, -14, -98, -42, -71, -5, -51, -39]
[0, 0, 0, 0, 0, 0, 0, 0, 0, 0, 0, 0, 0, 0, 0, 0, 3, -96, 122, 76, 81, -110, 76, 22, -22, 61]
[0, 0, 0, 0, 0, 0, 0, 0, 0, 0, 0, 0, 0, 0, 0, 0, 3, -95, -99, -26, -29, -57, -12, 61, 62, 42]
[0, 0, 0, 0, 0, 0, 0, 0, 0, 0, 0, 0, 0, 0, 0, 0, 3, -94, 115, 14, -17, -111, 14, -39, -38, 21]
[0, 0, 0, 0, 0, 0, 0, 0, 0, 0, 0, 0, 0, 0, 0, 0, 3, -93, 94, 112, 38, 47, -101, -80, -74, -70]
[0, 0, 0, 0, 0, 0, 0, 0, 0, 0, 0, 0, 0, 0, 0, 0, 3, -92, -32, -23, 56, -12, -105, 87, -85, -65]
[0, 0, 0, 0, 0, 0, 0, 0, 0, 0, 0, 0, 0, 0, 0, 0, 3, -91, -12, -5, 122, 121, 94, -99, -45, 28]
[0, 0, 0, 0, 0, 0, 0, 0, 0, 0, 0, 0, 0, 0, 0, 0, 3, -90, 107, -101, 21, -80, -32, -74, -125, -23]
[0, 0, 0, 0, 0, 0, 0, 0, 0, 0, 0, 0, 0, 0, 0, 0, 3, -89, 16, -99, 42, 79, 62, 42, -26, -98]
[0, 0, 0, 0, 0, 0, 0, 0, 0, 0, 0, 0, 0, 0, 0, 0, 3, -88, -82, 69, -128, 73, -82, -56, -118, 35]
[0, 0, 0, 0, 0, 0, 0, 0, 0, 0, 0, 0, 0, 0, 0, 0, 3, -87, -101, -56, -80, 98, 61, 64, 82, -14]
[0, 0, 0, 0, 0, 0, 0, 0, 0, 0, 0, 0, 0, 0, 0, 0, 3, -86, 50, 127, 13, -8, -70, -70, -42, -116]
[0, 0, 0, 0, 0, 0, 0, 0, 0, 0, 0, 0, 0, 0, 0, 0, 3, -85, 103, 98, -108, -92, 41, 79, -75, -101]
[0, 0, 0, 0, 0, 0, 0, 0, 0, 0, 0, 0, 0, 0, 0, 0, 3, -84, -68, -38, 16, -22, 115, -15, -50, -45]
[0, 0, 0, 0, 0, 0, 0, 0, 0, 0, 0, 0, 0, 0, 0, 0, 3, -83, 124, -128, -48, 97, -50, -8, 8, 107]
[0, 0, 0, 0, 0, 0, 0, 0, 0, 0, 0, 0, 0, 0, 0, 0, 3, -82, -123, -99, -70, -62, -118, -77, 42, 115]
[0, 0, 0, 0, 0, 0, 0, 0, 0, 0, 0, 0, 0, 0, 0, 0, 3, -81, -68, -95, 76, 74, 26, 14, -113, -50]
[0, 0, 0, 0, 0, 0, 0, 0, 0, 0, 0, 0, 0, 0, 0, 0, 3, -80, -42, -17, -83, 31, 1, 122, 127, -118]
[0, 0, 0, 0, 0, 0, 0, 0, 0, 0, 0, 0, 0, 0, 0, 0, 3, -79, 7, -62, -68, -74, -5, 56, -88, -89]
[0, 0, 0, 0, 0, 0, 0, 0, 0, 0, 0, 0, 0, 0, 0, 0, 3, -78, 41, -26, -111, 115, -70, 31, -108, -63]
[0, 0, 0, 0, 0, 0, 0, 0, 0, 0, 0, 0, 0, 0, 0, 0, 3, -77, -5, -119, 25, -12, -22, -9, 118, -22]
[0, 0, 0, 0, 0, 0, 0, 0, 0, 0, 0, 0, 0, 0, 0, 0, 3, -76, 124, -68, -22, 37, -119, 31, -22, 2]
[0, 0, 0, 0, 0, 0, 0, 0, 0, 0, 0, 0, 0, 0, 0, 0, 3, -75, -50, -27, -12, -70, 118, 115, 44, 107]
[0, 0, 0, 0, 0, 0, 0, 0, 0, 0, 0, 0, 0, 0, 0, 0, 3, -74, 47, 42, -48, -111, 107, -23, 49, -8]
[0, 0, 0, 0, 0, 0, 0, 0, 0, 0, 0, 0, 0, 0, 0, 0, 3, -73, -17, 67, 47, -122, -17, -85, 32, 104]
[0, 0, 0, 0, 0, 0, 0, 0, 0, 0, 0, 0, 0, 0, 0, 0, 3, -72, -57, -57, 61, -80, 121, 8, -82, 104]
[0, 0, 0, 0, 0, 0, 0, 0, 0, 0, 0, 0, 0, 0, 0, 0, 3, -71, -50, 25, -63, 69, -80, -108, -5, 112]
[0, 0, 0, 0, 0, 0, 0, 0, 0, 0, 0, 0, 0, 0, 0, 0, 3, -70, -89, -71, 44, -74, -122, 16, 103, -111]
[0, 0, 0, 0, 0, 0, 0, 0, 0, 0, 0, 0, 0, 0, 0, 0, 3, -69, -83, -108, -22, 22, 67, -29, -118, 70]
[0, 0, 0, 0, 0, 0, 0, 0, 0, 0, 0, 0, 0, 0, 0, 0, 3, -68, 13, -85, -128, 2, 74, 84, -51, -128]
[0, 0, 0, 0, 0, 0, 0, 0, 0, 0, 0, 0, 0, 0, 0, 0, 3, -67, -123, -75, 47, -77, -68, -118, 13, -82]
[0, 0, 0, 0, 0, 0, 0, 0, 0, 0, 0, 0, 0, 0, 0, 0, 3, -66, 38, -89, 93, 61, 56, 87, -119, 1]
[0, 0, 0, 0, 0, 0, 0, 0, 0, 0, 0, 0, 0, 0, 0, 0, 3, -65, 21, -118, 16, -71, -101, -57, -128, -108]
[0, 0, 0, 0, 0, 0, 0, 0, 0, 0, 0, 0, 0, 0, 0, 0, 3, -64, -29, -85, -75, 107, 22, -29, 88, 93]
[0, 0, 0, 0, 0, 0, 0, 0, 0, 0, 0, 0, 0, 0, 0, 0, 3, -63, -20, -26, -43, -85, 104, 67, 21, 8]
[0, 0, 0, 0, 0, 0, 0, 0, 0, 0, 0, 0, 0, 0, 0, 0, 3, -62, 32, -63, -36, -71, 100, -80, 41, 25]
[0, 0, 0, 0, 0, 0, 0, 0, 0, 0, 0, 0, 0, 0, 0, 0, 3, -61, 25, -111, 118, -60, 11, 1, 56, 91]
[0, 0, 0, 0, 0, 0, 0, 0, 0, 0, 0, 0, 0, 0, 0, 0, 3, -60, 98, 16, 25, 94, 107, -123, 117, 103]
[0, 0, 0, 0, 0, 0, 0, 0, 0, 0, 0, 0, 0, 0, 0, 0, 3, -59, 67, -2, 122, -77, 67, 22, -95, 28]
[0, 0, 0, 0, 0, 0, 0, 0, 0, 0, 0, 0, 0, 0, 0, 0, 3, -58, 52, 74, -99, -5, 70, 35, 87, -15]
[0, 0, 0, 0, 0, 0, 0, 0, 0, 0, 0, 0, 0, 0, 0, 0, 3, -57, 19, 67, -98, -94, -113, 8, 61, 61]
[0, 0, 0, 0, 0, 0, 0, 0, 0, 0, 0, 0, 0, 0, 0, 0, 3, -56, 94, -5, -43, 13, -95, 103, 117, 94]
[0, 0, 0, 0, 0, 0, 0, 0, 0, 0, 0, 0, 0, 0, 0, 0, 3, -55, -9, 11, 13, 69, -26, -60, 50, 121]
[0, 0, 0, 0, 0, 0, 0, 0, 0, 0, 0, 0, 0, 0, 0, 0, 3, -54, -39, -56, 84, -38, 103, 121, -83, 26]
[0, 0, 0, 0, 0, 0, 0, 0, 0, 0, 0, 0, 0, 0, 0, 0, 3, -53, 25, 1, -65, -104, -105, 62, -108, 97]
[0, 0, 0, 0, 0, 0, 0, 0, 0, 0, 0, 0, 0, 0, 0, 0, 3, -52, -110, 28, 19, -2, 42, -74, 84, 21]
[0, 0, 0, 0, 0, 0, 0, 0, 0, 0, 0, 0, 0, 0, 0, 0, 3, -51, -89, -3, -80, -20, 74, -14, -98, 8]
[0, 0, 0, 0, 0, 0, 0, 0, 0, 0, 0, 0, 0, 0, 0, 0, 3, -50, -51, 107, -75, 42, -9, 110, -128, -53]
[0, 0, 0, 0, 0, 0, 0, 0, 0, 0, 0, 0, 0, 0, 0, 0, 3, -49, -125, 70, 28, -36, 35, -89, -119, 25]
[0, 0, 0, 0, 0, 0, 0, 0, 0, 0, 0, 0, 0, 0, 0, 0, 3, -48, -14, -82, 81, 100, -94, 118, -29, 47]
[0, 0, 0, 0, 0, 0, 0, 0, 0, 0, 0, 0, 0, 0, 0, 0, 3, -47, 55, -99, -32, 47, 117, 11, -119, 118]
[0, 0, 0, 0, 0, 0, 0, 0, 0, 0, 0, 0, 0, 0, 0, 0, 3, -46, -60, 79, 13, -128, -104, 115, 31, -8]
[0, 0, 0, 0, 0, 0, 0, 0, 0, 0, 0, 0, 0, 0, 0, 0, 3, -45, -89, -8, 8, 97, 1, 49, 21, 112]
[0, 0, 0, 0, 0, 0, 0, 0, 0, 0, 0, 0, 0, 0, 0, 0, 3, -44, 1, 55, 74, 107, -38, -95, 59, -128]
[0, 0, 0, 0, 0, 0, 0, 0, 0, 0, 0, 0, 0, 0, 0, 0, 3, -43, -89, -116, -43, 28, 73, 62, -85, -83]
[0, 0, 0, 0, 0, 0, 0, 0, 0, 0, 0, 0, 0, 0, 0, 0, 3, -42, 97, 67, -27, -60, 97, 79, -26, -3]
[0, 0, 0, 0, 0, 0, 0, 0, 0, 0, 0, 0, 0, 0, 0, 0, 3, -41, -98, 4, -108, -89, -105, 13, -53, 94]
[0, 0, 0, 0, 0, 0, 0, 0, 0, 0, 0, 0, 0, 0, 0, 0, 3, -40, -26, -122, -94, 11, -57, -74, -3, 82]
[0, 0, 0, 0, 0, 0, 0, 0, 0, 0, 0, 0, 0, 0, 0, 0, 3, -39, -98, 124, -57, 59, -17, 52, -98, 50]
[0, 0, 0, 0, 0, 0, 0, 0, 0, 0, 0, 0, 0, 0, 0, 0, 3, -38, 41, -17, 41, 70, -33, 38, -99, -83]
[0, 0, 0, 0, 0, 0, 0, 0, 0, 0, 0, 0, 0, 0, 0, 0, 3, -37, -104, 87, -113, -83, 35, -26, 70, 61]
[0, 0, 0, 0, 0, 0, 0, 0, 0, 0, 0, 0, 0, 0, 0, 0, 3, -36, 67, -118, 79, -70, 44, -22, 47, -116]
[0, 0, 0, 0, 0, 0, 0, 0, 0, 0, 0, 0, 0, 0, 0, 0, 3, -35, -75, -128, -43, 98, 44, 61, 94, -95]
[0, 0, 0, 0, 0, 0, 0, 0, 0, 0, 0, 0, 0, 0, 0, 0, 3, -34, -57, 73, -74, -8, 97, -85, -98, 64]
[0, 0, 0, 0, 0, 0, 0, 0, 0, 0, 0, 0, 0, 0, 0, 0, 3, -33, 49, -123, -116, 28, 42, 38, -3, 110]
[0, 0, 0, 0, 0, 0, 0, 0, 0, 0, 0, 0, 0, 0, 0, 0, 3, -32, -26, -70, -39, -68, -65, 61, -94, 94]
[0, 0, 0, 0, 0, 0, 0, 0, 0, 0, 0, 0, 0, 0, 0, 0, 3, -31, -62, -75, 22, -63, 44, -12, -75, 49]
[0, 0, 0, 0, 0, 0, 0, 0, 0, 0, 0, 0, 0, 0, 0, 0, 3, -30, -82, -113, 115, -111, -95, 70, -70, 21]
[0, 0, 0, 0, 0, 0, 0, 0, 0, 0, 0, 0, 0, 0, 0, 0, 3, -29, 52, -99, -82, 7, -123, 56, -62, -71]
[0, 0, 0, 0, 0, 0, 0, 0, 0, 0, 0, 0, 0, 0, 0, 0, 3, -28, -57, 62, -113, 14, -71, 69, -32, -92]
[0, 0, 0, 0, 0, 0, 0, 0, 0, 0, 0, 0, 0, 0, 0, 0, 3, -27, 49, 31, -62, 115, 49, -14, 28, -57]
[0, 0, 0, 0, 0, 0, 0, 0, 0, 0, 0, 0, 0, 0, 0, 0, 3, -26, -99, 11, -22, -57, 8, -39, 32, 112]
[0, 0, 0, 0, 0, 0, 0, 0, 0, 0, 0, 0, 0, 0, 0, 0, 3, -25, -15, 115, 84, 97, 37, 70, 81, 110]
[0, 0, 0, 0, 0, 0, 0, 0, 0, 0, 0, 0, 0, 0, 0, 0, 3, -24, 2, 84, -57, -94, 74, -98, 35, 73]
[0, 0, 0, 0, 0, 0, 0, 0, 0, 0, 0, 0, 0, 0, 0, 0, 3, -23, 8, -63, 19, -62, 79, 11, 70, -94]
[0, 0, 0, 0, 0, 0, 0, 0, 0, 0, 0, 0, 0, 0, 0, 0, 3, -22, -15, 117, -14, -15, 84, 84, -29, -45]
[0, 0, 0, 0, 0, 0, 0, 0, 0, 0, 0, 0, 0, 0, 0, 0, 3, -21, -99, 100, -92, 79, -3, -88, 109, 50]
[0, 0, 0, 0, 0, 0, 0, 0, 0, 0, 0, 0, 0, 0, 0, 0, 3, -20, -101, -128, 79, -23, -128, -80, 94, 47]
[0, 0, 0, 0, 0, 0, 0, 0, 0, 0, 0, 0, 0, 0, 0, 0, 3, -19, -82, -68, 127, 4, 26, -75, 121, -77]
[0, 0, 0, 0, 0, 0, 0, 0, 0, 0, 0, 0, 0, 0, 0, 0, 3, -18, -62, 62, -60, -26, 127, 79, -14, -83]
[0, 0, 0, 0, 0, 0, 0, 0, 0, 0, 0, 0, 0, 0, 0, 0, 3, -17, 117, -27, 98, -82, 88, 74, 94, -8]
[0, 0, 0, 0, 0, 0, 0, 0, 0, 0, 0, 0, 0, 0, 0, 0, 3, -16, 62, -51, -125, 110, 61, 8, -111, 50]
[0, 0, 0, 0, 0, 0, 0, 0, 0, 0, 0, 0, 0, 0, 0, 0, 3, -15, 70, -116, -116, 11, -116, 100, -85, 97]
[0, 0, 0, 0, 0, 0, 0, 0, 0, 0, 0, 0, 0, 0, 0, 0, 3, -14, -22, 74, -75, 37, -32, -39, -71, 121]
[0, 0, 0, 0, 0, 0, 0, 0, 0, 0, 0, 0, 0, 0, 0, 0, 3, -13, 127, -53, 82, -104, -32, -83, -83, -123]
[0, 0, 0, 0, 0, 0, 0, 0, 0, 0, 0, 0, 0, 0, 0, 0, 3, -12, 50, 122, 11, 8, 59, 28, 13, 84]
[0, 0, 0, 0, 0, 0, 0, 0, 0, 0, 0, 0, 0, 0, 0, 0, 3, -11, -116, -119, 64, -82, -53, -94, -56, 16]
[0, 0, 0, 0, 0, 0, 0, 0, 0, 0, 0, 0, 0, 0, 0, 0, 3, -10, -39, -12, 49, 112, -36, -33, -22, -23]
[0, 0, 0, 0, 0, 0, 0, 0, 0, 0, 0, 0, 0, 0, 0, 0, 3, -9, -20, 28, -39, -105, -36, -88, -43, 44]
[0, 0, 0, 0, 0, 0, 0, 0, 0, 0, 0, 0, 0, 0, 0, 0, 3, -8, 88, 118, -63, -104, 93, -53, -77, 118]
[0, 0, 0, 0, 0, 0, 0, 0, 0, 0, 0, 0, 0, 0, 0, 0, 3, -7, -22, -57, -85, 19, -36, 97, -75, 104]
[0, 0, 0, 0, 0, 0, 0, 0, 0, 0, 0, 0, 0, 0, 0, 0, 3, -6, -51, -45, 4, 19, 41, -8, -75, 115]
[0, 0, 0, 0, 0, 0, 0, 0, 0, 0, 0, 0, 0, 0, 0, 0, 3, -5, -51, -26, 55, 11, -62, 26, -8, -12]
[0, 0, 0, 0, 0, 0, 0, 0, 0, 0, 0, 0, 0, 0, 0, 0, 3, -4, 88, -94, 55, 94, 84, 94, 31, 56]
[0, 0, 0, 0, 0, 0, 0, 0, 0, 0, 0, 0, 0, 0, 0, 0, 3, -3, 118, 14, 31, 28, 100, -101, -33, -22]
[0, 0, 0, 0, 0, 0, 0, 0, 0, 0, 0, 0, 0, 0, 0, 0, 3, -2, -123, 94, 104, -118, 37, 79, -70, 32]
[0, 0, 0, 0, 0, 0, 0, 0, 0, 0, 0, 0, 0, 0, 0, 0, 3, -1, -17, 56, -122, -2, -88, -3, -98, 69]
